Zeit [s]	Kraft [N]
0.000000000000000000e+00 0.000000000000000000e+00
1.000000000000000021e-02 -2.722789166737607167e-02
2.000000000000000042e-02 3.853294165987730668e-02
2.999999999999999889e-02 -5.396538532089338071e-03
4.000000000000000083e-02 1.235002142692589316e-03
5.000000000000000278e-02 -3.660715457985817822e-03
5.999999999999999778e-02 -2.465820391455295635e-01
7.000000000000000666e-02 -1.740508598223302894e-01
8.000000000000000167e-02 3.626603259644711752e-02
8.999999999999999667e-02 -3.166778621396964533e-01
1.000000000000000056e-01 -1.253801659188875928e-01
1.100000000000000006e-01 -1.711286181468979831e-02
1.199999999999999956e-01 -2.138363409954192884e-01
1.300000000000000044e-01 -3.541246969144312695e-01
1.400000000000000133e-01 -2.876867877014799846e-01
1.499999999999999944e-01 -3.382662515676639892e-01
1.600000000000000033e-01 -8.499847012166791838e-02
1.700000000000000122e-01 -1.847766437677406722e-03
1.799999999999999933e-01 4.385534467178628382e-01
1.900000000000000022e-01 1.647712967263488260e-01
2.000000000000000111e-01 5.434410531132157773e-01
2.099999999999999922e-01 4.519968176236074942e-01
2.200000000000000011e-01 -2.199501723711350457e-02
2.300000000000000100e-01 -5.398485058334794723e-02
2.399999999999999911e-01 -6.592731506554311283e-02
2.500000000000000000e-01 -3.302344100505998359e-01
2.600000000000000089e-01 7.792240665252993248e-02
2.700000000000000178e-01 1.364692151565310152e-01
2.800000000000000266e-01 4.726110054364151547e-01
2.899999999999999800e-01 1.611810381584464769e-01
2.999999999999999889e-01 -2.003140224830126173e-02
3.099999999999999978e-01 1.398355957735329391e-01
3.200000000000000067e-01 2.775815202074751742e-01
3.300000000000000155e-01 1.261206160269717769e-01
3.400000000000000244e-01 -9.532631488766880878e-02
3.500000000000000333e-01 2.698471104202210258e-01
3.599999999999999867e-01 2.599503868320255373e-01
3.699999999999999956e-01 -2.140500515026227263e-02
3.800000000000000044e-01 -2.068553467262834455e-01
3.900000000000000133e-01 -2.408369740759581379e-01
4.000000000000000222e-01 9.500219651765198087e-03
4.100000000000000311e-01 4.230763790723793272e-02
4.199999999999999845e-01 7.011094957976092557e-02
4.299999999999999933e-01 -9.969607914381581337e-02
4.400000000000000022e-01 6.835541793613246486e-02
4.500000000000000111e-01 1.540638886119522488e-01
4.600000000000000200e-01 -4.071268646089449272e-01
4.700000000000000289e-01 -6.154290866039442420e-01
4.799999999999999822e-01 -1.140359515507708282e-01
4.899999999999999911e-01 2.591445110133033247e-01
5.000000000000000000e-01 3.385975518006669599e-02
5.100000000000000089e-01 -2.398624411290225245e-01
5.200000000000000178e-01 7.528486542927911862e-02
5.300000000000000266e-01 2.749612543854077495e-01
5.400000000000000355e-01 1.804676381388322370e-01
5.500000000000000444e-01 3.732364871296177666e-01
5.600000000000000533e-01 4.463640677127638234e-01
5.700000000000000622e-01 6.873926033192231944e-02
5.799999999999999600e-01 2.642946864693744846e-01
5.899999999999999689e-01 -2.220476665668195786e-03
5.999999999999999778e-01 1.590508632987655546e-01
6.099999999999999867e-01 8.708730911896599425e-01
6.199999999999999956e-01 2.093383647674119385e-01
6.300000000000000044e-01 -1.532011780227318098e-01
6.400000000000000133e-01 -8.730331864750601190e-02
6.500000000000000222e-01 7.392921627911857273e-03
6.600000000000000311e-01 -5.794954302160713194e-02
6.700000000000000400e-01 -1.766283262159518141e-01
6.800000000000000488e-01 2.153908482272130775e-01
6.900000000000000577e-01 2.567667932837032763e-01
7.000000000000000666e-01 4.872737675248818914e-03
7.099999999999999645e-01 6.278047712271893344e-02
7.199999999999999734e-01 -1.104189330304943539e-01
7.299999999999999822e-01 -2.062893234297744072e-01
7.399999999999999911e-01 -3.268699511503950772e-01
7.500000000000000000e-01 -4.603821106820472908e-02
7.600000000000000089e-01 2.429014478466649460e-02
7.700000000000000178e-01 -1.490399561764855774e-01
7.800000000000000266e-01 -6.819384709206642858e-01
7.900000000000000355e-01 1.124009541329389489e-01
8.000000000000000444e-01 -1.010625945502245521e-01
8.100000000000000533e-01 -3.417265662701148843e-01
8.200000000000000622e-01 1.555619777644585977e-01
8.300000000000000711e-01 1.011943703622461693e-01
8.399999999999999689e-01 -1.579245958000549122e-01
8.499999999999999778e-01 1.651507347302188233e-01
8.599999999999999867e-01 4.564356557823376348e-01
8.699999999999999956e-01 -3.625714475087570277e-01
8.800000000000000044e-01 -3.288925520532882119e-01
8.900000000000000133e-01 -1.226943863765798254e-01
9.000000000000000222e-01 -1.479004217894102358e-01
9.100000000000000311e-01 -4.654064227309513413e-01
9.200000000000000400e-01 -2.544091667128098866e-01
9.300000000000000488e-01 -5.586492270914557023e-01
9.400000000000000577e-01 -1.266562454081495044e-02
9.500000000000000666e-01 1.768837829128802330e-01
9.599999999999999645e-01 -1.749956682312136524e-01
9.699999999999999734e-01 8.078539684094019346e-01
9.799999999999999822e-01 6.573396806522945057e-02
9.899999999999999911e-01 -6.632796414085828651e-02
1.000000000000000000e+00 -1.087867298291963492e-01
1.010000000000000009e+00 3.012692984276631458e-01
1.020000000000000018e+00 2.126204669000628655e-01
1.030000000000000027e+00 2.413409509445662571e-01
1.040000000000000036e+00 5.066118478572303463e-01
1.050000000000000044e+00 1.624627018967175762e-01
1.060000000000000053e+00 -2.791242994649692846e-02
1.070000000000000062e+00 -7.060966382715224698e-01
1.080000000000000071e+00 -1.523717707155677892e-01
1.090000000000000080e+00 2.170803812698333946e-01
1.100000000000000089e+00 4.224980326945512177e-01
1.110000000000000098e+00 6.102391776558340614e-02
1.120000000000000107e+00 -3.955767192626319373e-02
1.130000000000000115e+00 -2.474282896881782323e-01
1.140000000000000124e+00 -1.421313694601563093e-01
1.150000000000000133e+00 -1.657420747067952782e-01
1.159999999999999920e+00 4.306593306311488900e-02
1.169999999999999929e+00 2.557812907945873349e-01
1.179999999999999938e+00 2.319276987999812495e-02
1.189999999999999947e+00 -1.196233796567835322e-01
1.199999999999999956e+00 -5.189944301628197643e-01
1.209999999999999964e+00 -2.958073599308800108e-02
1.219999999999999973e+00 -3.926591764711512833e-01
1.229999999999999982e+00 3.560170867356922120e-01
1.239999999999999991e+00 3.156805135428779052e-01
1.250000000000000000e+00 1.816785056276122579e-01
1.260000000000000009e+00 8.780449437016170366e-02
1.270000000000000018e+00 6.795563698127728147e-02
1.280000000000000027e+00 3.495209482000019019e-01
1.290000000000000036e+00 -5.692170696145772146e-02
1.300000000000000044e+00 1.748871274896962869e-01
1.310000000000000053e+00 8.306421222333466858e-02
1.320000000000000062e+00 1.266401729914182761e-01
1.330000000000000071e+00 1.724062601616266621e-01
1.340000000000000080e+00 4.423068716825336866e-01
1.350000000000000089e+00 8.763483179954864588e-02
1.360000000000000098e+00 2.022638463996842273e-01
1.370000000000000107e+00 2.864806570717595702e-01
1.380000000000000115e+00 -2.338177802107007097e-01
1.390000000000000124e+00 -1.891771214343302143e-01
1.400000000000000133e+00 2.936917899140407962e-02
1.409999999999999920e+00 -1.826362451025694833e-01
1.419999999999999929e+00 1.404530537730498407e-01
1.429999999999999938e+00 3.769888310290354094e-01
1.439999999999999947e+00 -2.768537571890336557e-01
1.449999999999999956e+00 -2.733752212415973409e-02
1.459999999999999964e+00 1.847651091866414907e-01
1.469999999999999973e+00 -3.144469046345320096e-01
1.479999999999999982e+00 -8.325203051901028384e-02
1.489999999999999991e+00 -9.637012426722514624e-02
1.500000000000000000e+00 -2.196021220478864278e-01
1.510000000000000009e+00 -8.401941421778737207e-02
1.520000000000000018e+00 3.324695268939744097e-01
1.530000000000000027e+00 3.550260862250330107e-01
1.540000000000000036e+00 2.949511023392665798e-01
1.550000000000000044e+00 1.254749259448597609e-01
1.560000000000000053e+00 2.628435776507839772e-01
1.570000000000000062e+00 -1.957737276332512100e-01
1.580000000000000071e+00 -4.156092021981742657e-01
1.590000000000000080e+00 -2.081680103034884433e-01
1.600000000000000089e+00 -2.988977376976341138e-01
1.610000000000000098e+00 -1.523353592658960864e-01
1.620000000000000107e+00 8.300445590225612180e-02
1.630000000000000115e+00 -5.460339383858099360e-01
1.640000000000000124e+00 -1.203383679124521155e-01
1.650000000000000133e+00 -9.690038438174760629e-05
1.660000000000000142e+00 3.350844013908531593e-01
1.669999999999999929e+00 -1.117199412173980194e-01
1.679999999999999938e+00 1.331205206478607017e-01
1.689999999999999947e+00 -8.226065621376067727e-02
1.699999999999999956e+00 3.730532633672516418e-01
1.709999999999999964e+00 -1.633852542595524704e-01
1.719999999999999973e+00 1.036299293102502517e-01
1.729999999999999982e+00 -1.532612924144981514e-01
1.739999999999999991e+00 -5.996673228075209972e-01
1.750000000000000000e+00 -6.758759210181340682e-03
1.760000000000000009e+00 9.986757575230904849e-02
1.770000000000000018e+00 2.062317775762973968e-02
1.780000000000000027e+00 1.294608326595405590e-01
1.790000000000000036e+00 4.896696200047589431e-01
1.800000000000000044e+00 7.652293804980865588e-02
1.810000000000000053e+00 -2.134576935875621417e-01
1.820000000000000062e+00 -1.955122257031587929e-01
1.830000000000000071e+00 1.206585020520202500e-01
1.840000000000000080e+00 4.025427543850270684e-01
1.850000000000000089e+00 3.606521300857368217e-02
1.860000000000000098e+00 1.415622943733530481e-01
1.870000000000000107e+00 -1.170453187978275772e-01
1.880000000000000115e+00 -2.222169306329735416e-01
1.890000000000000124e+00 1.783868152476357771e-01
1.900000000000000133e+00 -1.504753468174888920e-01
1.910000000000000142e+00 -1.356901629843096924e-01
1.919999999999999929e+00 5.096174961882367072e-01
1.929999999999999938e+00 3.343862193864197141e-01
1.939999999999999947e+00 -6.088605316468424095e-02
1.949999999999999956e+00 -1.986289560578955171e-01
1.959999999999999964e+00 -3.453425073459010508e-01
1.969999999999999973e+00 8.386283626014741366e-02
1.979999999999999982e+00 2.216296221016417212e-01
1.989999999999999991e+00 -1.646318459259724087e-01
2.000000000000000000e+00 -4.055870906684782562e-01
2.010000000000000231e+00 -4.777815876535656536e-01
2.020000000000000018e+00 -1.314250299996017612e-01
2.030000000000000249e+00 -2.087050293984115679e-01
2.040000000000000036e+00 -2.891165613335501816e-01
2.049999999999999822e+00 -1.000000000000000000e+00
2.060000000000000053e+00 -2.771581564732643055e-01
2.069999999999999840e+00 3.939622722010320717e-03
2.080000000000000071e+00 1.982161642559540360e-01
2.089999999999999858e+00 1.180023341236656129e-02
2.100000000000000089e+00 -1.624845367485470149e-01
2.109999999999999876e+00 -2.482760242254338223e-01
2.120000000000000107e+00 1.494928253486350611e-01
2.129999999999999893e+00 1.512859912449604494e-01
2.140000000000000124e+00 2.248342086099593129e-02
2.149999999999999911e+00 1.121700211139294995e-01
2.160000000000000142e+00 -1.469190320504447089e-01
2.169999999999999929e+00 1.435335861746824815e-01
2.180000000000000160e+00 -1.525033123601863549e-01
2.189999999999999947e+00 3.889583834855370181e-02
2.200000000000000178e+00 -9.430150425930768077e-02
2.209999999999999964e+00 -4.631714472532262317e-01
2.220000000000000195e+00 4.933060616461508174e-01
2.229999999999999982e+00 5.571928953535411067e-01
2.240000000000000213e+00 1.830314046386081195e-01
2.250000000000000000e+00 -1.234642796586617013e-02
2.260000000000000231e+00 -3.690010401963694231e-01
2.270000000000000018e+00 -2.630863063993473805e-01
2.280000000000000249e+00 1.305033649910831428e-01
2.290000000000000036e+00 -2.662867880008962795e-01
2.300000000000000266e+00 -1.409508173744956350e-01
2.310000000000000053e+00 2.206660693244270541e-02
2.319999999999999840e+00 -1.986527566662598943e-01
2.330000000000000071e+00 -2.736590947256641870e-01
2.339999999999999858e+00 -1.104051958668645361e-01
2.350000000000000089e+00 -1.814142740304963697e-01
2.359999999999999876e+00 -2.447880382928019072e-01
2.370000000000000107e+00 -2.595792560738294924e-02
2.379999999999999893e+00 -2.023315050644859114e-01
2.390000000000000124e+00 1.765680955349849812e-01
2.399999999999999911e+00 -1.036544546031226005e-01
2.410000000000000142e+00 3.934398461148255199e-01
2.419999999999999929e+00 -1.794841223216714909e-01
2.430000000000000160e+00 -1.569176805936920993e-01
2.439999999999999947e+00 1.341291564157882643e-01
2.450000000000000178e+00 3.778012291876418904e-02
2.459999999999999964e+00 2.886684055113080682e-01
2.470000000000000195e+00 2.193263015428264795e-01
2.479999999999999982e+00 -1.220682855973020536e-01
2.490000000000000213e+00 -2.167681597858402698e-01
2.500000000000000000e+00 -1.505054120843673515e-01
2.510000000000000231e+00 6.449000928950052169e-02
2.520000000000000018e+00 4.694076465219065297e-01
2.530000000000000249e+00 6.158257825764767643e-03
2.540000000000000036e+00 -1.338425040259631424e-02
2.550000000000000266e+00 3.744244520702439405e-01
2.560000000000000053e+00 -3.342133708708432405e-01
2.569999999999999840e+00 1.405435626905236768e-01
2.580000000000000071e+00 5.019834505301830341e-02
2.589999999999999858e+00 -1.274833350307339082e-02
2.600000000000000089e+00 1.351506514613010079e-01
2.609999999999999876e+00 2.296729038530238021e-01
2.620000000000000107e+00 4.074786790886018861e-02
2.629999999999999893e+00 3.507039250162409250e-01
2.640000000000000124e+00 2.682160884896359065e-01
2.649999999999999911e+00 2.316819353229395296e-03
2.660000000000000142e+00 -4.565739358289048339e-02
2.669999999999999929e+00 -1.722888655639513711e-01
2.680000000000000160e+00 1.548757729764245750e-01
2.689999999999999947e+00 3.258026921404896803e-01
2.700000000000000178e+00 3.771551895223213546e-01
2.709999999999999964e+00 2.013580196840661085e-01
2.720000000000000195e+00 3.631240354270458548e-01
2.729999999999999982e+00 5.687013168407213659e-02
2.740000000000000213e+00 -1.897809411860421069e-01
2.750000000000000000e+00 -1.570101868902065156e-01
2.760000000000000231e+00 -3.378385812498861940e-01
2.770000000000000018e+00 1.383060207155687449e-01
2.780000000000000249e+00 -1.918656483868181051e-01
2.790000000000000036e+00 4.223067962744807557e-01
2.800000000000000266e+00 1.832198350899810479e-01
2.810000000000000053e+00 7.588643078512429252e-01
2.819999999999999840e+00 1.974166313726932742e-01
2.830000000000000071e+00 1.834216755236290908e-01
2.839999999999999858e+00 1.030864227323074200e-01
2.850000000000000089e+00 5.748833911830172200e-02
2.859999999999999876e+00 6.153133807156381252e-01
2.870000000000000107e+00 -1.023092595785568271e-01
2.879999999999999893e+00 1.527545754541983491e-01
2.890000000000000124e+00 -5.222698794831467234e-02
2.899999999999999911e+00 -3.516382820568381695e-01
2.910000000000000142e+00 -1.618764689290712600e-01
2.919999999999999929e+00 -2.317027083309347590e-01
2.930000000000000160e+00 2.977342345609655938e-01
2.939999999999999947e+00 5.662963431286066607e-02
2.950000000000000178e+00 -2.038369834841651518e-01
2.959999999999999964e+00 7.569459599409776585e-02
2.970000000000000195e+00 6.357296037039671388e-01
2.979999999999999982e+00 1.294283192133283689e-01
2.990000000000000213e+00 1.622123358138168603e-01
3.000000000000000000e+00 7.761680446853996829e-02
3.010000000000000231e+00 3.027405082575660433e-01
3.020000000000000018e+00 -1.395700675240774125e-01
3.030000000000000249e+00 1.754737402129649959e-01
3.040000000000000036e+00 -1.973527294381595687e-01
3.050000000000000266e+00 -4.808420143460556684e-02
3.060000000000000053e+00 3.627586481463634938e-01
3.070000000000000284e+00 2.214023417541935712e-01
3.080000000000000071e+00 -4.330839775993713947e-02
3.089999999999999858e+00 2.949298242643194623e-01
3.100000000000000089e+00 2.059118541531084201e-01
3.109999999999999876e+00 2.914609380989108822e-01
3.120000000000000107e+00 5.808716638513758967e-01
3.129999999999999893e+00 1.222062219239103131e-01
3.140000000000000124e+00 1.055030102731805905e-02
3.149999999999999911e+00 4.808233125083354320e-01
3.160000000000000142e+00 6.977525302123589457e-01
3.169999999999999929e+00 2.966007035767889710e-01
3.180000000000000160e+00 -4.333389290579909431e-02
3.189999999999999947e+00 1.153113381494860618e-01
3.200000000000000178e+00 1.734061894603327603e-01
3.209999999999999964e+00 -1.970126787614273345e-01
3.220000000000000195e+00 1.629865499682527363e-01
3.229999999999999982e+00 1.382802018125439680e-01
3.240000000000000213e+00 5.385415074178018235e-02
3.250000000000000000e+00 4.946736063765677649e-01
3.260000000000000231e+00 2.753668145703525583e-01
3.270000000000000018e+00 -2.164540096191035212e-01
3.280000000000000249e+00 3.093331434485197540e-01
3.290000000000000036e+00 -3.697113096832587709e-01
3.300000000000000266e+00 -2.993743097930954833e-01
3.310000000000000053e+00 1.765867736281311329e-01
3.320000000000000284e+00 2.090184998279570605e-01
3.330000000000000071e+00 -1.621991656520416214e-01
3.339999999999999858e+00 -2.868372393202971993e-01
3.350000000000000089e+00 -2.553250161699400778e-01
3.359999999999999876e+00 9.388174516803413083e-02
3.370000000000000107e+00 2.235108835232866298e-01
3.379999999999999893e+00 8.144150561631753604e-02
3.390000000000000124e+00 2.999355725774346393e-01
3.399999999999999911e+00 -2.849825705515947050e-01
3.410000000000000142e+00 -6.886052787381005680e-02
3.419999999999999929e+00 2.293020428842794389e-01
3.430000000000000160e+00 -2.984263817165794808e-01
3.439999999999999947e+00 -4.242742851879671706e-01
3.450000000000000178e+00 -1.845952155620852464e-01
3.459999999999999964e+00 5.698953716303211542e-02
3.470000000000000195e+00 6.982755831893980303e-02
3.479999999999999982e+00 -2.477160828675309956e-01
3.490000000000000213e+00 -1.464434356807655657e-01
3.500000000000000000e+00 -2.473820872194291420e-01
3.510000000000000231e+00 -3.086182886008482715e-02
3.520000000000000018e+00 6.339911961636608695e-02
3.530000000000000249e+00 -1.364567920813566648e-01
3.540000000000000036e+00 1.131607226318840226e-01
3.550000000000000266e+00 8.861187690758698388e-02
3.560000000000000053e+00 -2.591626941396073525e-01
3.570000000000000284e+00 -9.157565732043138063e-02
3.580000000000000071e+00 -7.088166818811454661e-02
3.589999999999999858e+00 -2.093210793663790870e-01
3.600000000000000089e+00 -4.472838010544724630e-01
3.609999999999999876e+00 3.566926188763930305e-02
3.620000000000000107e+00 2.233127668436339641e-01
3.629999999999999893e+00 3.456881410430839852e-01
3.640000000000000124e+00 1.593097184341927403e-02
3.649999999999999911e+00 6.241827167478936067e-02
3.660000000000000142e+00 3.385113958680375235e-01
3.669999999999999929e+00 -2.838858044562295180e-01
3.680000000000000160e+00 1.827358241538931671e-01
3.689999999999999947e+00 -1.773127053915919682e-01
3.700000000000000178e+00 -1.917681550944274477e-02
3.709999999999999964e+00 2.082324930335231750e-02
3.720000000000000195e+00 -1.781038411476499328e-01
3.729999999999999982e+00 -3.227307516294450340e-01
3.740000000000000213e+00 1.297778444285423716e-01
3.750000000000000000e+00 5.539913820246315096e-02
3.760000000000000231e+00 -3.521097109431404332e-02
3.770000000000000018e+00 -8.890280400044794917e-02
3.780000000000000249e+00 2.001270038790981809e-01
3.790000000000000036e+00 5.919155289226947225e-01
3.800000000000000266e+00 1.877671223694377112e-01
3.810000000000000053e+00 -2.423782698505999589e-01
3.820000000000000284e+00 -2.846119939849965919e-01
3.830000000000000071e+00 -5.038113223161688747e-01
3.839999999999999858e+00 -3.926984121628050439e-01
3.850000000000000089e+00 -3.391273276324519581e-01
3.859999999999999876e+00 -4.998262445892591721e-01
3.870000000000000107e+00 -4.252574033534455289e-01
3.879999999999999893e+00 -1.663700012954622831e-01
3.890000000000000124e+00 -1.073003027379088453e-01
3.899999999999999911e+00 -7.179620430197927172e-01
3.910000000000000142e+00 -3.682561418546919096e-01
3.919999999999999929e+00 -6.013599580022821120e-03
3.930000000000000160e+00 -1.102929968785670845e-01
3.939999999999999947e+00 -5.118909713812627160e-01
3.950000000000000178e+00 -3.488727519149051881e-01
3.959999999999999964e+00 -2.611042779129923441e-01
3.970000000000000195e+00 -1.310000007607655878e-02
3.979999999999999982e+00 1.561794801657061249e-01
3.990000000000000213e+00 -1.028850368602172577e-01
4.000000000000000000e+00 -1.437816644425202184e-01
4.009999999999999787e+00 -7.459760537726070617e-02
4.020000000000000462e+00 3.182464392169906953e-01
4.030000000000000249e+00 3.139882347736097645e-01
4.040000000000000036e+00 3.076470541599063968e-01
4.049999999999999822e+00 4.588222041050107891e-01
4.060000000000000497e+00 3.877001502316788084e-01
4.070000000000000284e+00 -7.515418350660224567e-02
4.080000000000000071e+00 2.630905919108593172e-01
4.089999999999999858e+00 -3.787646229359661887e-01
4.099999999999999645e+00 -3.990935316666563426e-01
4.110000000000000320e+00 -8.727521698736497024e-02
4.120000000000000107e+00 -1.161000119594167573e-01
4.129999999999999893e+00 1.120408535361475250e-01
4.139999999999999680e+00 -8.225253021318164326e-02
4.150000000000000355e+00 5.061530653102147559e-02
4.160000000000000142e+00 4.156218824746541612e-02
4.169999999999999929e+00 4.136113400779037885e-01
4.179999999999999716e+00 -1.505776517411178475e-03
4.190000000000000391e+00 -3.474290300055252745e-01
4.200000000000000178e+00 -3.413679392702692605e-01
4.209999999999999964e+00 -7.504531967099249412e-01
4.219999999999999751e+00 4.144801887140763808e-01
4.230000000000000426e+00 2.282268719385395842e-02
4.240000000000000213e+00 2.821378670124849997e-01
4.250000000000000000e+00 -1.988266816186378405e-01
4.259999999999999787e+00 3.312971816965253891e-01
4.270000000000000462e+00 4.154291908835862634e-01
4.280000000000000249e+00 1.709916250125269599e-01
4.290000000000000036e+00 3.466008038037587391e-01
4.299999999999999822e+00 4.399284238368734723e-01
4.310000000000000497e+00 2.348938940999969194e-01
4.320000000000000284e+00 -2.069218542742728428e-01
4.330000000000000071e+00 -9.107505334143008169e-02
4.339999999999999858e+00 -1.053492527309253003e-02
4.350000000000000533e+00 7.181097906885025584e-02
4.360000000000000320e+00 3.820424522762954078e-01
4.370000000000000107e+00 -1.348246316295726999e-01
4.379999999999999893e+00 3.764123652150578869e-01
4.389999999999999680e+00 1.677507746177743786e-01
4.400000000000000355e+00 1.955616134031511189e-01
4.410000000000000142e+00 3.519754954734669039e-01
4.419999999999999929e+00 6.082190532697703822e-02
4.429999999999999716e+00 9.269279759272251729e-02
4.440000000000000391e+00 1.211151254629515145e-01
4.450000000000000178e+00 4.846230341251847595e-01
4.459999999999999964e+00 8.532065437495195415e-01
4.469999999999999751e+00 4.010355664085754439e-03
4.480000000000000426e+00 -3.417947651296640577e-02
4.490000000000000213e+00 -1.418052858987323694e-01
4.500000000000000000e+00 2.592535383419874995e-02
4.509999999999999787e+00 -1.700248279172707488e-01
4.520000000000000462e+00 -2.680872264867567023e-01
4.530000000000000249e+00 -5.313591343255978650e-02
4.540000000000000036e+00 -7.687922839590913271e-02
4.549999999999999822e+00 -1.576875761297957257e-01
4.560000000000000497e+00 3.592421322275449191e-01
4.570000000000000284e+00 2.951277692100420236e-01
4.580000000000000071e+00 7.617837658904932918e-02
4.589999999999999858e+00 -3.362013006296177275e-02
4.600000000000000533e+00 3.474331735199820415e-01
4.610000000000000320e+00 5.999667503966423787e-01
4.620000000000000107e+00 1.856102432728632678e-01
4.629999999999999893e+00 -2.339139124092314004e-01
4.639999999999999680e+00 -1.667491920095217628e-01
4.650000000000000355e+00 -5.494824959924906604e-01
4.660000000000000142e+00 -2.013373720170389541e-02
4.669999999999999929e+00 2.851327527336026124e-01
4.679999999999999716e+00 1.702872303784689831e-02
4.690000000000000391e+00 3.060409763148965595e-02
4.700000000000000178e+00 2.593121784338991431e-01
4.709999999999999964e+00 3.438980068317901706e-01
4.719999999999999751e+00 -8.759326076094259284e-02
4.730000000000000426e+00 -3.201974081009554274e-01
4.740000000000000213e+00 -2.036326316867037300e-01
4.750000000000000000e+00 -1.700324049819643690e-01
4.759999999999999787e+00 -1.541216537897809047e-01
4.770000000000000462e+00 2.402447480425611570e-01
4.780000000000000249e+00 -3.807215958719143423e-01
4.790000000000000036e+00 -7.823671323214521911e-02
4.799999999999999822e+00 -3.572512191732609144e-01
4.810000000000000497e+00 -1.012040686972585507e-01
4.820000000000000284e+00 1.707457019829511369e-01
4.830000000000000071e+00 2.576283144117930135e-01
4.839999999999999858e+00 2.334319325769132203e-01
4.850000000000000533e+00 4.563302523472602124e-01
4.860000000000000320e+00 -6.695620628336711178e-02
4.870000000000000107e+00 -2.096696497641706014e-01
4.879999999999999893e+00 2.726684541808886419e-01
4.889999999999999680e+00 1.650756432482291258e-01
4.900000000000000355e+00 2.188410763571757567e-01
4.910000000000000142e+00 3.911602605368619812e-01
4.919999999999999929e+00 4.098105156325198561e-01
4.929999999999999716e+00 2.146481302235532795e-01
4.940000000000000391e+00 4.233541042028817203e-01
4.950000000000000178e+00 4.384470705700067583e-01
4.959999999999999964e+00 3.069875758782574238e-01
4.969999999999999751e+00 1.060985568208032137e-01
4.980000000000000426e+00 4.722801086539384352e-01
4.990000000000000213e+00 -2.311925109799596034e-01
5.000000000000000000e+00 -9.350183644954654372e-02
5.009999999999999787e+00 2.287812877014100132e-01
5.020000000000000462e+00 1.793224400620426484e-01
5.030000000000000249e+00 8.198142825541340772e-02
5.040000000000000036e+00 -4.974029866768227282e-02
5.049999999999999822e+00 -2.962257183818863271e-01
5.060000000000000497e+00 -1.662351315511872707e-01
5.070000000000000284e+00 -2.501581991535027638e-02
5.080000000000000071e+00 3.879609867412850965e-01
5.089999999999999858e+00 -6.724396604970863008e-03
5.100000000000000533e+00 -1.303076178978136990e-01
5.110000000000000320e+00 2.820668858004372198e-02
5.120000000000000107e+00 5.278276711204059335e-02
5.129999999999999893e+00 -2.885955677976012046e-01
5.139999999999999680e+00 2.012086700256596750e-01
5.150000000000000355e+00 -2.123874259706122047e-03
5.160000000000000142e+00 -2.137941529717247990e-01
5.169999999999999929e+00 1.111526154751311390e-01
5.179999999999999716e+00 -2.117098456178726773e-01
5.190000000000000391e+00 -2.088671963610682913e-01
5.200000000000000178e+00 2.434289864933472311e-02
5.209999999999999964e+00 -3.372772514400600441e-01
5.219999999999999751e+00 -2.875796380620032622e-01
5.230000000000000426e+00 -2.174650191159591406e-01
5.240000000000000213e+00 -3.121870770603337175e-01
5.250000000000000000e+00 4.815090507747160076e-01
5.259999999999999787e+00 8.753016237391010312e-01
5.270000000000000462e+00 3.067433157738188032e-01
5.280000000000000249e+00 3.606191633438426275e-02
5.290000000000000036e+00 5.039371776192024255e-01
5.299999999999999822e+00 3.288806331945684502e-01
5.310000000000000497e+00 5.185204333893684847e-01
5.320000000000000284e+00 2.194987906313103643e-01
5.330000000000000071e+00 2.387390554682559118e-01
5.339999999999999858e+00 1.710235760321597853e-01
5.350000000000000533e+00 3.288425306997899145e-01
5.360000000000000320e+00 5.306356340777567127e-01
5.370000000000000107e+00 2.119069693413988820e-01
5.379999999999999893e+00 -2.856868477501968706e-01
5.389999999999999680e+00 -1.676878370924866912e-01
5.400000000000000355e+00 -1.022281019178576805e-01
5.410000000000000142e+00 -1.256256209594641682e-01
5.419999999999999929e+00 -1.057943161981562685e-01
5.429999999999999716e+00 7.092424174589662123e-02
5.440000000000000391e+00 2.111340206331877856e-01
5.450000000000000178e+00 2.131548905254414608e-02
5.459999999999999964e+00 9.458385609543744355e-02
5.469999999999999751e+00 4.645927134401234282e-02
5.480000000000000426e+00 3.235646322136988551e-01
5.490000000000000213e+00 2.790189253331226138e-01
5.500000000000000000e+00 -9.931430677474543944e-02
5.509999999999999787e+00 -4.999298639491524948e-02
5.520000000000000462e+00 -2.589840297515657030e-01
5.530000000000000249e+00 -2.737642501439946918e-01
5.540000000000000036e+00 -7.322854963538294459e-02
5.549999999999999822e+00 -2.049519123114690311e-02
5.560000000000000497e+00 3.367151813472225585e-01
5.570000000000000284e+00 1.031471057643905676e-01
5.580000000000000071e+00 -2.392270131369163833e-01
5.589999999999999858e+00 2.572603329246983539e-01
5.600000000000000533e+00 2.204417087843928702e-01
5.610000000000000320e+00 -3.041828256192328356e-02
5.620000000000000107e+00 2.173988722325965461e-01
5.629999999999999893e+00 3.006812833021379472e-01
5.639999999999999680e+00 -4.737611687336528155e-01
5.650000000000000355e+00 -1.916863339253030152e-01
5.660000000000000142e+00 2.003252158509123693e-02
5.669999999999999929e+00 -2.043238545587230670e-01
5.679999999999999716e+00 -1.960420900832521296e-02
5.690000000000000391e+00 -1.232166407043850179e-02
5.700000000000000178e+00 -2.171647496525309085e-01
5.709999999999999964e+00 -9.401736723392524475e-02
5.719999999999999751e+00 8.807267543951166622e-02
5.730000000000000426e+00 -4.418760319112128437e-02
5.740000000000000213e+00 -1.040609098965885326e-01
5.750000000000000000e+00 3.086776573333077089e-01
5.759999999999999787e+00 1.275989185870271547e-01
5.770000000000000462e+00 7.993973069058193937e-02
5.780000000000000249e+00 2.050960235882921257e-01
5.790000000000000036e+00 5.439839216616870754e-01
5.799999999999999822e+00 2.109441868593974756e-01
5.810000000000000497e+00 -3.675761837006595589e-02
5.820000000000000284e+00 3.403628118332805430e-01
5.830000000000000071e+00 5.923725090736429166e-01
5.839999999999999858e+00 3.049983705780170973e-01
5.850000000000000533e+00 5.897293327503740773e-02
5.860000000000000320e+00 -5.584281786406598662e-03
5.870000000000000107e+00 6.700545488233614067e-02
5.879999999999999893e+00 2.689251063909448569e-01
5.889999999999999680e+00 1.984452901517845813e-01
5.900000000000000355e+00 1.139674718187637936e-01
5.910000000000000142e+00 2.335723592003109417e-01
5.919999999999999929e+00 4.491860811835310385e-02
5.929999999999999716e+00 -2.056614107749706599e-01
5.940000000000000391e+00 -3.507687978423705832e-01
5.950000000000000178e+00 -2.246178343506556319e-01
5.959999999999999964e+00 2.489053183639664824e-01
5.969999999999999751e+00 3.143505698618280775e-01
5.980000000000000426e+00 1.136352395568206164e-01
5.990000000000000213e+00 4.403434149036596912e-01
6.000000000000000000e+00 6.035796052193661554e-01
6.009999999999999787e+00 1.618878749467952682e-01
6.020000000000000462e+00 1.110845100163237488e-02
6.030000000000000249e+00 1.239095943344295236e-01
6.040000000000000036e+00 4.012417364545898257e-01
6.049999999999999822e+00 2.218395957561767051e-01
6.060000000000000497e+00 4.601718389007551646e-02
6.070000000000000284e+00 -1.097801934791445833e-01
6.080000000000000071e+00 3.109581617366444783e-01
6.089999999999999858e+00 -1.450585573904763226e-01
6.100000000000000533e+00 -1.202610000802098456e-01
6.110000000000000320e+00 -2.050562387715172685e-01
6.120000000000000107e+00 -5.595250974776558306e-02
6.129999999999999893e+00 7.198431920872812306e-02
6.140000000000000568e+00 1.800144643102498665e-01
6.150000000000000355e+00 2.994506231740416413e-01
6.160000000000000142e+00 -2.628629694399997607e-01
6.169999999999999929e+00 -1.871902355811358165e-01
6.179999999999999716e+00 9.821537171898302859e-03
6.190000000000000391e+00 4.240903776249311252e-01
6.200000000000000178e+00 -4.269384027570734264e-02
6.209999999999999964e+00 4.064969387092968178e-01
6.219999999999999751e+00 8.621704959770698506e-02
6.230000000000000426e+00 2.174555487141153487e-01
6.240000000000000213e+00 4.898672059631949960e-01
6.250000000000000000e+00 8.665414771982242470e-02
6.259999999999999787e+00 -1.717219439138434889e-01
6.270000000000000462e+00 7.158771290987030189e-02
6.280000000000000249e+00 -2.644204352876157373e-03
6.290000000000000036e+00 -1.485842738218413617e-01
6.299999999999999822e+00 -2.175308943014940266e-01
6.310000000000000497e+00 1.149617237527991026e-01
6.320000000000000284e+00 -6.628392800598273404e-02
6.330000000000000071e+00 -7.669827645580729047e-02
6.339999999999999858e+00 4.627449323112700075e-01
6.350000000000000533e+00 5.911135734792822422e-02
6.360000000000000320e+00 3.083090208940434951e-01
6.370000000000000107e+00 2.610861619141263135e-01
6.379999999999999893e+00 4.731812969722589690e-01
6.390000000000000568e+00 6.050533386362512422e-02
6.400000000000000355e+00 1.371547824772829660e-01
6.410000000000000142e+00 -1.729458555074220028e-01
6.419999999999999929e+00 -2.218333035347740678e-01
6.429999999999999716e+00 -2.877674581529975906e-01
6.440000000000000391e+00 -5.094364932535813129e-01
6.450000000000000178e+00 -5.201268163051815385e-01
6.459999999999999964e+00 4.690179565870680051e-02
6.469999999999999751e+00 3.694937568407898332e-01
6.480000000000000426e+00 4.175481836400986024e-01
6.490000000000000213e+00 1.073167458195932733e-01
6.500000000000000000e+00 -2.758817608975368540e-01
6.509999999999999787e+00 -3.488438712081925464e-01
6.520000000000000462e+00 -1.973141040047393102e-01
6.530000000000000249e+00 -5.129959881694924340e-01
6.540000000000000036e+00 -3.312369824229443455e-02
6.549999999999999822e+00 -1.010777873221107570e-01
6.560000000000000497e+00 -1.482378124627399263e-01
6.570000000000000284e+00 2.330031170284127817e-01
6.580000000000000071e+00 3.926188096589491860e-01
6.589999999999999858e+00 3.708630682263334144e-01
6.600000000000000533e+00 -1.911646478993959675e-01
6.610000000000000320e+00 -1.325621580454027643e-02
6.620000000000000107e+00 -2.455073523856915463e-01
6.629999999999999893e+00 2.489928827959400071e-01
6.640000000000000568e+00 2.072489433915736950e-02
6.650000000000000355e+00 1.982924587310569697e-01
6.660000000000000142e+00 -3.854808675842995996e-02
6.669999999999999929e+00 8.103140098415520520e-02
6.679999999999999716e+00 -2.225661163834120326e-01
6.690000000000000391e+00 -8.986548877471497998e-02
6.700000000000000178e+00 9.446733958582020918e-02
6.709999999999999964e+00 4.382552174420902835e-01
6.719999999999999751e+00 2.337222061664206152e-01
6.730000000000000426e+00 -2.350275730943146568e-01
6.740000000000000213e+00 -9.340906018117106635e-02
6.750000000000000000e+00 -2.706595649083975638e-02
6.759999999999999787e+00 -1.218276385697876496e-01
6.770000000000000462e+00 -2.906867495579758542e-01
6.780000000000000249e+00 5.550130821781482787e-02
6.790000000000000036e+00 4.397732754715690667e-02
6.799999999999999822e+00 5.632249955314554829e-02
6.810000000000000497e+00 5.713112981723347805e-02
6.820000000000000284e+00 -8.350715967388358529e-03
6.830000000000000071e+00 1.484787803367756120e-01
6.839999999999999858e+00 -3.761978327955702722e-02
6.850000000000000533e+00 -1.210860087346758845e-01
6.860000000000000320e+00 1.073746291497936628e-01
6.870000000000000107e+00 1.536615218862351084e-01
6.879999999999999893e+00 1.669121676048737068e-01
6.890000000000000568e+00 -1.970540998738046501e-01
6.900000000000000355e+00 -1.839688391183076990e-02
6.910000000000000142e+00 -2.663891028579057352e-01
6.919999999999999929e+00 -1.354020680490295447e-01
6.929999999999999716e+00 2.890010811601375629e-01
6.940000000000000391e+00 4.562910410576723752e-01
6.950000000000000178e+00 6.991225207108268114e-01
6.959999999999999964e+00 2.116774884408078317e-01
6.969999999999999751e+00 5.640308225269656528e-02
6.980000000000000426e+00 2.448821125115440978e-01
6.990000000000000213e+00 -2.004355067908226984e-01
7.000000000000000000e+00 -8.615924931571568302e-02
7.009999999999999787e+00 -1.648210739628165888e-01
7.020000000000000462e+00 -4.994539229595278962e-01
7.030000000000000249e+00 -1.154174438301481670e-01
7.040000000000000036e+00 -2.805011608462967994e-03
7.049999999999999822e+00 1.470584756075863087e-01
7.060000000000000497e+00 1.726491881660536520e-01
7.070000000000000284e+00 3.926580509057604473e-01
7.080000000000000071e+00 2.553868580164887492e-01
7.089999999999999858e+00 3.706629561171697063e-01
7.100000000000000533e+00 7.984818206129803628e-03
7.110000000000000320e+00 6.014354028640898214e-02
7.120000000000000107e+00 -1.836214103794795161e-01
7.129999999999999893e+00 -4.329320986947027272e-01
7.140000000000000568e+00 -1.426204482373620297e-01
7.150000000000000355e+00 -1.774853995026434142e-03
7.160000000000000142e+00 5.552279472823381384e-02
7.169999999999999929e+00 8.897756693425837304e-02
7.179999999999999716e+00 1.100774629248073150e-01
7.190000000000000391e+00 4.773380283737502922e-03
7.200000000000000178e+00 -7.180271402697120664e-03
7.209999999999999964e+00 6.105280423949476648e-02
7.219999999999999751e+00 -1.600379004795892401e-01
7.230000000000000426e+00 6.535584082248416249e-02
7.240000000000000213e+00 -1.923143767009480865e-01
7.250000000000000000e+00 -2.167476579045233831e-01
7.259999999999999787e+00 -4.293746561327795724e-02
7.270000000000000462e+00 8.341322327760992972e-02
7.280000000000000249e+00 -1.873998759042456302e-02
7.290000000000000036e+00 -1.186305148038636903e-01
7.299999999999999822e+00 -2.092747414790123994e-01
7.310000000000000497e+00 -2.356067093952554092e-01
7.320000000000000284e+00 -5.823390052714143977e-02
7.330000000000000071e+00 2.983393789418517517e-01
7.339999999999999858e+00 3.119516819846457345e-01
7.350000000000000533e+00 5.652930763678359893e-02
7.360000000000000320e+00 -7.492843723768694009e-02
7.370000000000000107e+00 1.595940579014482885e-01
7.379999999999999893e+00 1.923086442639061755e-01
7.390000000000000568e+00 1.528559380593511874e-01
7.400000000000000355e+00 -3.058788103174875025e-02
7.410000000000000142e+00 -3.984344203590980266e-02
7.419999999999999929e+00 -6.790090395745310148e-02
7.429999999999999716e+00 -1.732212410550970083e-01
7.440000000000000391e+00 -6.614829184754326963e-02
7.450000000000000178e+00 -9.064851745179025588e-02
7.459999999999999964e+00 -9.695129897513637962e-02
7.469999999999999751e+00 -1.353231303989789747e-01
7.480000000000000426e+00 -3.895926835305641139e-03
7.490000000000000213e+00 3.254940500652366009e-02
7.500000000000000000e+00 1.253777990173000345e-01
7.509999999999999787e+00 -3.358010205369491019e-02
7.520000000000000462e+00 1.800076860754049324e-01
7.530000000000000249e+00 7.598437708258119760e-02
7.540000000000000036e+00 -8.854699297831088514e-04
7.549999999999999822e+00 -5.112610914782588639e-02
7.560000000000000497e+00 -4.487423738421685709e-02
7.570000000000000284e+00 5.769860071401779157e-04
7.580000000000000071e+00 -3.781987226595853041e-02
7.589999999999999858e+00 2.515899510419167262e-02
7.600000000000000533e+00 -1.901887088989191732e-02
7.610000000000000320e+00 9.653252815769207407e-02
7.620000000000000107e+00 8.459772565300284833e-03
7.629999999999999893e+00 1.032539041342810521e-01
7.640000000000000568e+00 -4.217915709310656597e-02
7.650000000000000355e+00 -1.785546246444879304e-01
7.660000000000000142e+00 -3.363955788130840174e-02
7.669999999999999929e+00 4.909555538418247829e-03
7.679999999999999716e+00 -9.696395418134083621e-02
7.690000000000000391e+00 -1.220591359607719611e-01
7.700000000000000178e+00 -1.840376498911485414e-01
7.709999999999999964e+00 1.381444799918736532e-01
7.719999999999999751e+00 -1.775025491957493706e-02
7.730000000000000426e+00 -3.146189486783713962e-02
7.740000000000000213e+00 -3.478762824403458520e-02
7.750000000000000000e+00 5.522934276456843011e-02
7.759999999999999787e+00 -1.030521674534130572e-01
7.770000000000000462e+00 -8.903267408130076041e-03
7.780000000000000249e+00 -7.742147807817506902e-03
7.790000000000000036e+00 -7.812659447503640664e-02
7.799999999999999822e+00 -8.209208920214000615e-02
7.810000000000000497e+00 -2.456632675870502186e-02
7.820000000000000284e+00 -8.862615482430033498e-02
7.830000000000000071e+00 -3.707922617674417470e-02
7.839999999999999858e+00 -7.781824614370258519e-02
7.850000000000000533e+00 -4.492739967644982652e-02
7.860000000000000320e+00 3.774812334298310867e-02
7.870000000000000107e+00 -4.786597104231602590e-02
7.879999999999999893e+00 -3.597846871306428079e-02
7.890000000000000568e+00 4.934021603028623804e-03
7.900000000000000355e+00 3.742402334081900567e-02
7.910000000000000142e+00 -1.838323511756179487e-02
7.919999999999999929e+00 3.912360618221658037e-02
7.930000000000000604e+00 3.136812349755062346e-02
7.940000000000000391e+00 -1.141834137612357872e-02
7.950000000000000178e+00 3.728566606522732644e-03
7.959999999999999964e+00 -1.801286574381220223e-02
7.969999999999999751e+00 -1.341640822230771510e-02
7.980000000000000426e+00 -5.926578941000289896e-03
7.990000000000000213e+00 -6.674232741170509943e-04
8.000000000000000000e+00 -0.000000000000000000e+00
8.009999999999999787e+00 0.000000000000000000e+00
8.019999999999999574e+00 0.000000000000000000e+00
8.029999999999999361e+00 0.000000000000000000e+00
8.040000000000000924e+00 0.000000000000000000e+00
8.050000000000000711e+00 0.000000000000000000e+00
8.060000000000000497e+00 0.000000000000000000e+00
8.070000000000000284e+00 0.000000000000000000e+00
8.080000000000000071e+00 0.000000000000000000e+00
8.089999999999999858e+00 0.000000000000000000e+00
8.099999999999999645e+00 0.000000000000000000e+00
8.109999999999999432e+00 0.000000000000000000e+00
8.120000000000000995e+00 0.000000000000000000e+00
8.130000000000000782e+00 0.000000000000000000e+00
8.140000000000000568e+00 0.000000000000000000e+00
8.150000000000000355e+00 0.000000000000000000e+00
8.160000000000000142e+00 0.000000000000000000e+00
8.169999999999999929e+00 0.000000000000000000e+00
8.179999999999999716e+00 0.000000000000000000e+00
8.189999999999999503e+00 0.000000000000000000e+00
8.199999999999999289e+00 0.000000000000000000e+00
8.210000000000000853e+00 0.000000000000000000e+00
8.220000000000000639e+00 0.000000000000000000e+00
8.230000000000000426e+00 0.000000000000000000e+00
8.240000000000000213e+00 0.000000000000000000e+00
8.250000000000000000e+00 0.000000000000000000e+00
8.259999999999999787e+00 0.000000000000000000e+00
8.269999999999999574e+00 0.000000000000000000e+00
8.279999999999999361e+00 0.000000000000000000e+00
8.290000000000000924e+00 0.000000000000000000e+00
8.300000000000000711e+00 0.000000000000000000e+00
8.310000000000000497e+00 0.000000000000000000e+00
8.320000000000000284e+00 0.000000000000000000e+00
8.330000000000000071e+00 0.000000000000000000e+00
8.339999999999999858e+00 0.000000000000000000e+00
8.349999999999999645e+00 0.000000000000000000e+00
8.359999999999999432e+00 0.000000000000000000e+00
8.370000000000000995e+00 0.000000000000000000e+00
8.380000000000000782e+00 0.000000000000000000e+00
8.390000000000000568e+00 0.000000000000000000e+00
8.400000000000000355e+00 0.000000000000000000e+00
8.410000000000000142e+00 0.000000000000000000e+00
8.419999999999999929e+00 0.000000000000000000e+00
8.429999999999999716e+00 0.000000000000000000e+00
8.439999999999999503e+00 0.000000000000000000e+00
8.449999999999999289e+00 0.000000000000000000e+00
8.460000000000000853e+00 0.000000000000000000e+00
8.470000000000000639e+00 0.000000000000000000e+00
8.480000000000000426e+00 0.000000000000000000e+00
8.490000000000000213e+00 0.000000000000000000e+00
8.500000000000000000e+00 0.000000000000000000e+00
8.509999999999999787e+00 0.000000000000000000e+00
8.519999999999999574e+00 0.000000000000000000e+00
8.529999999999999361e+00 0.000000000000000000e+00
8.540000000000000924e+00 0.000000000000000000e+00
8.550000000000000711e+00 0.000000000000000000e+00
8.560000000000000497e+00 0.000000000000000000e+00
8.570000000000000284e+00 0.000000000000000000e+00
8.580000000000000071e+00 0.000000000000000000e+00
8.589999999999999858e+00 0.000000000000000000e+00
8.599999999999999645e+00 0.000000000000000000e+00
8.609999999999999432e+00 0.000000000000000000e+00
8.620000000000000995e+00 0.000000000000000000e+00
8.630000000000000782e+00 0.000000000000000000e+00
8.640000000000000568e+00 0.000000000000000000e+00
8.650000000000000355e+00 0.000000000000000000e+00
8.660000000000000142e+00 0.000000000000000000e+00
8.669999999999999929e+00 0.000000000000000000e+00
8.679999999999999716e+00 0.000000000000000000e+00
8.689999999999999503e+00 0.000000000000000000e+00
8.700000000000001066e+00 0.000000000000000000e+00
8.710000000000000853e+00 0.000000000000000000e+00
8.720000000000000639e+00 0.000000000000000000e+00
8.730000000000000426e+00 0.000000000000000000e+00
8.740000000000000213e+00 0.000000000000000000e+00
8.750000000000000000e+00 0.000000000000000000e+00
8.759999999999999787e+00 0.000000000000000000e+00
8.769999999999999574e+00 0.000000000000000000e+00
8.779999999999999361e+00 0.000000000000000000e+00
8.790000000000000924e+00 0.000000000000000000e+00
8.800000000000000711e+00 0.000000000000000000e+00
8.810000000000000497e+00 0.000000000000000000e+00
8.820000000000000284e+00 0.000000000000000000e+00
8.830000000000000071e+00 0.000000000000000000e+00
8.839999999999999858e+00 0.000000000000000000e+00
8.849999999999999645e+00 0.000000000000000000e+00
8.859999999999999432e+00 0.000000000000000000e+00
8.870000000000000995e+00 0.000000000000000000e+00
8.880000000000000782e+00 0.000000000000000000e+00
8.890000000000000568e+00 0.000000000000000000e+00
8.900000000000000355e+00 0.000000000000000000e+00
8.910000000000000142e+00 0.000000000000000000e+00
8.919999999999999929e+00 0.000000000000000000e+00
8.929999999999999716e+00 0.000000000000000000e+00
8.939999999999999503e+00 0.000000000000000000e+00
8.950000000000001066e+00 0.000000000000000000e+00
8.960000000000000853e+00 0.000000000000000000e+00
8.970000000000000639e+00 0.000000000000000000e+00
8.980000000000000426e+00 0.000000000000000000e+00
8.990000000000000213e+00 0.000000000000000000e+00
9.000000000000000000e+00 0.000000000000000000e+00
9.009999999999999787e+00 0.000000000000000000e+00
9.019999999999999574e+00 0.000000000000000000e+00
9.029999999999999361e+00 0.000000000000000000e+00
9.040000000000000924e+00 0.000000000000000000e+00
9.050000000000000711e+00 0.000000000000000000e+00
9.060000000000000497e+00 0.000000000000000000e+00
9.070000000000000284e+00 0.000000000000000000e+00
9.080000000000000071e+00 0.000000000000000000e+00
9.089999999999999858e+00 0.000000000000000000e+00
9.099999999999999645e+00 0.000000000000000000e+00
9.109999999999999432e+00 0.000000000000000000e+00
9.120000000000000995e+00 0.000000000000000000e+00
9.130000000000000782e+00 0.000000000000000000e+00
9.140000000000000568e+00 0.000000000000000000e+00
9.150000000000000355e+00 0.000000000000000000e+00
9.160000000000000142e+00 0.000000000000000000e+00
9.169999999999999929e+00 0.000000000000000000e+00
9.179999999999999716e+00 0.000000000000000000e+00
9.189999999999999503e+00 0.000000000000000000e+00
9.200000000000001066e+00 0.000000000000000000e+00
9.210000000000000853e+00 0.000000000000000000e+00
9.220000000000000639e+00 0.000000000000000000e+00
9.230000000000000426e+00 0.000000000000000000e+00
9.240000000000000213e+00 0.000000000000000000e+00
9.250000000000000000e+00 0.000000000000000000e+00
9.259999999999999787e+00 0.000000000000000000e+00
9.269999999999999574e+00 0.000000000000000000e+00
9.279999999999999361e+00 0.000000000000000000e+00
9.290000000000000924e+00 0.000000000000000000e+00
9.300000000000000711e+00 0.000000000000000000e+00
9.310000000000000497e+00 0.000000000000000000e+00
9.320000000000000284e+00 0.000000000000000000e+00
9.330000000000000071e+00 0.000000000000000000e+00
9.339999999999999858e+00 0.000000000000000000e+00
9.349999999999999645e+00 0.000000000000000000e+00
9.359999999999999432e+00 0.000000000000000000e+00
9.370000000000000995e+00 0.000000000000000000e+00
9.380000000000000782e+00 0.000000000000000000e+00
9.390000000000000568e+00 0.000000000000000000e+00
9.400000000000000355e+00 0.000000000000000000e+00
9.410000000000000142e+00 0.000000000000000000e+00
9.419999999999999929e+00 0.000000000000000000e+00
9.429999999999999716e+00 0.000000000000000000e+00
9.439999999999999503e+00 0.000000000000000000e+00
9.450000000000001066e+00 0.000000000000000000e+00
9.460000000000000853e+00 0.000000000000000000e+00
9.470000000000000639e+00 0.000000000000000000e+00
9.480000000000000426e+00 0.000000000000000000e+00
9.490000000000000213e+00 0.000000000000000000e+00
9.500000000000000000e+00 0.000000000000000000e+00
9.509999999999999787e+00 0.000000000000000000e+00
9.519999999999999574e+00 0.000000000000000000e+00
9.529999999999999361e+00 0.000000000000000000e+00
9.540000000000000924e+00 0.000000000000000000e+00
9.550000000000000711e+00 0.000000000000000000e+00
9.560000000000000497e+00 0.000000000000000000e+00
9.570000000000000284e+00 0.000000000000000000e+00
9.580000000000000071e+00 0.000000000000000000e+00
9.589999999999999858e+00 0.000000000000000000e+00
9.599999999999999645e+00 0.000000000000000000e+00
9.609999999999999432e+00 0.000000000000000000e+00
9.620000000000000995e+00 0.000000000000000000e+00
9.630000000000000782e+00 0.000000000000000000e+00
9.640000000000000568e+00 0.000000000000000000e+00
9.650000000000000355e+00 0.000000000000000000e+00
9.660000000000000142e+00 0.000000000000000000e+00
9.669999999999999929e+00 0.000000000000000000e+00
9.679999999999999716e+00 0.000000000000000000e+00
9.689999999999999503e+00 0.000000000000000000e+00
9.700000000000001066e+00 0.000000000000000000e+00
9.710000000000000853e+00 0.000000000000000000e+00
9.720000000000000639e+00 0.000000000000000000e+00
9.730000000000000426e+00 0.000000000000000000e+00
9.740000000000000213e+00 0.000000000000000000e+00
9.750000000000000000e+00 0.000000000000000000e+00
9.759999999999999787e+00 0.000000000000000000e+00
9.769999999999999574e+00 0.000000000000000000e+00
9.779999999999999361e+00 0.000000000000000000e+00
9.790000000000000924e+00 0.000000000000000000e+00
9.800000000000000711e+00 0.000000000000000000e+00
9.810000000000000497e+00 0.000000000000000000e+00
9.820000000000000284e+00 0.000000000000000000e+00
9.830000000000000071e+00 0.000000000000000000e+00
9.839999999999999858e+00 0.000000000000000000e+00
9.849999999999999645e+00 0.000000000000000000e+00
9.859999999999999432e+00 0.000000000000000000e+00
9.870000000000000995e+00 0.000000000000000000e+00
9.880000000000000782e+00 0.000000000000000000e+00
9.890000000000000568e+00 0.000000000000000000e+00
9.900000000000000355e+00 0.000000000000000000e+00
9.910000000000000142e+00 0.000000000000000000e+00
9.919999999999999929e+00 0.000000000000000000e+00
9.929999999999999716e+00 0.000000000000000000e+00
9.939999999999999503e+00 0.000000000000000000e+00
9.950000000000001066e+00 0.000000000000000000e+00
9.960000000000000853e+00 0.000000000000000000e+00
9.970000000000000639e+00 0.000000000000000000e+00
9.980000000000000426e+00 0.000000000000000000e+00
9.990000000000000213e+00 0.000000000000000000e+00
1.000000000000000000e+01 0.000000000000000000e+00
