# Zeit [s]	Impulsantwort
0.000000000000000000e+00 -1.260044741100943710e+01
1.000000000000000021e-02 -9.456131633510025836e+01
2.000000000000000042e-02 -1.781880856608642034e+02
2.999999999999999889e-02 -2.394444913695300556e+02
4.000000000000000083e-02 -2.742300139285651994e+02
5.000000000000000278e-02 -2.809733987000439583e+02
5.999999999999999778e-02 -2.603710565971852589e+02
7.000000000000000666e-02 -2.156810706279545116e+02
8.000000000000000167e-02 -1.523495117942356671e+02
8.999999999999999667e-02 -7.726435184375382903e+01
1.000000000000000056e-01 1.649158997007389882e+00
1.100000000000000006e-01 7.654414553644211594e+01
1.199999999999999956e-01 1.402378356086806832e+02
1.300000000000000044e-01 1.873455686292391533e+02
1.400000000000000133e-01 2.143191650902109586e+02
1.499999999999999944e-01 2.193645202325656669e+02
1.600000000000000033e-01 2.030536804767733656e+02
1.700000000000000122e-01 1.678684997058035151e+02
1.799999999999999933e-01 1.181174412794488546e+02
1.900000000000000022e-01 5.926540667758108327e+01
2.000000000000000111e-01 -2.739378356347256460e+00
2.099999999999999922e-01 -6.161335311197477438e+01
2.200000000000000011e-01 -1.116249867056545924e+02
2.300000000000000100e-01 -1.484310652894535565e+02
2.399999999999999911e-01 -1.690646841265225078e+02
2.500000000000000000e-01 -1.721289420767993192e+02
2.600000000000000089e-01 -1.581779887842987478e+02
2.700000000000000178e-01 -1.296528224180694338e+02
2.800000000000000266e-01 -9.018166221597959975e+01
2.899999999999999800e-01 -4.387279870969974382e+01
2.999999999999999889e-01 4.419444633550940971e+00
3.099999999999999978e-01 4.980303190666498381e+01
3.200000000000000067e-01 8.801040659383414777e+01
3.300000000000000155e-01 1.158672595353898203e+02
3.400000000000000244e-01 1.312675072155662406e+02
3.499999999999999778e-01 1.333059209832608758e+02
3.599999999999999867e-01 1.224068656516365223e+02
3.699999999999999956e-01 1.004892439362650265e+02
3.800000000000000044e-01 7.023751705047087057e+01
3.900000000000000133e-01 3.444734733797925941e+01
4.000000000000000222e-01 -3.077912165519697929e+00
4.099999999999999756e-01 -3.871170561544595756e+01
4.199999999999999845e-01 -6.899848012439292688e+01
4.299999999999999933e-01 -9.115917971974099032e+01
4.400000000000000022e-01 -1.034941244674399599e+02
4.500000000000000111e-01 -1.051227871905207678e+02
4.600000000000000200e-01 -9.659419561732620707e+01
4.699999999999999734e-01 -7.911739684963572472e+01
4.799999999999999822e-01 -5.477210182873550082e+01
4.899999999999999911e-01 -2.626756144774681800e+01
5.000000000000000000e-01 3.426053152372181110e+00
5.100000000000000089e-01 3.139566394459231802e+01
5.200000000000000178e-01 5.508223347345642651e+01
5.300000000000000266e-01 7.208490390126443970e+01
5.400000000000000355e-01 8.126667986378114961e+01
5.500000000000000444e-01 8.211724774372268598e+01
5.600000000000000533e-01 7.495940567919670627e+01
5.699999999999999512e-01 6.107056047050353698e+01
5.799999999999999600e-01 4.190714189982216453e+01
5.899999999999999689e-01 1.963896210512898932e+01
5.999999999999999778e-01 -3.383987073752767749e+00
6.099999999999999867e-01 -2.518103714464086096e+01
6.199999999999999956e-01 -4.367574178136014496e+01
6.300000000000000044e-01 -5.694974982666213492e+01
6.400000000000000133e-01 -6.409558792689530549e+01
6.500000000000000222e-01 -6.464212953282769547e+01
6.600000000000000311e-01 -5.877239819714814928e+01
6.700000000000000400e-01 -4.740156394325962452e+01
6.800000000000000488e-01 -3.196769951135631160e+01
6.899999999999999467e-01 -1.429748202462567086e+01
6.999999999999999556e-01 3.899590454881838752e+00
7.099999999999999645e-01 2.090959191407761608e+01
7.199999999999999734e-01 3.490419974021028793e+01
7.299999999999999822e-01 4.477383593391952843e+01
7.399999999999999911e-01 4.988436958336802007e+01
7.500000000000000000e-01 4.989520504620656993e+01
7.600000000000000089e-01 4.512021524384947924e+01
7.700000000000000178e-01 3.643569805556619201e+01
7.800000000000000266e-01 2.460552184032758305e+01
7.900000000000000355e-01 1.097287535204087838e+01
8.000000000000000444e-01 -2.984911865914612772e+00
8.100000000000000533e-01 -1.604507757095673881e+01
8.199999999999999512e-01 -2.695026685882398354e+01
8.299999999999999600e-01 -3.476647381970502693e+01
8.399999999999999689e-01 -3.896652114396356836e+01
8.499999999999999778e-01 -3.918413209576790734e+01
8.599999999999999867e-01 -3.585398944577495683e+01
8.699999999999999956e-01 -2.929036852051841322e+01
8.800000000000000044e-01 -1.977350781988141293e+01
8.900000000000000133e-01 -8.522670365879665866e+00
9.000000000000000222e-01 3.114150957835666755e+00
9.100000000000000311e-01 1.381843852451333809e+01
9.200000000000000400e-01 2.262306083232693510e+01
9.300000000000000488e-01 2.867705100342205427e+01
9.399999999999999467e-01 3.142439260153226144e+01
9.499999999999999556e-01 3.093418401054962175e+01
9.599999999999999645e-01 2.743986399133508769e+01
9.699999999999999734e-01 2.161519543781457742e+01
9.799999999999999822e-01 1.405550973844903240e+01
9.899999999999999911e-01 5.589034046530455768e+00
1.000000000000000000e+00 -2.702575399384812727e+00
1.010000000000000009e+00 -1.055145015464788827e+01
1.020000000000000018e+00 -1.725102424401508117e+01
1.030000000000000027e+00 -2.199004416646017290e+01
1.040000000000000036e+00 -2.441593839413106437e+01
1.050000000000000044e+00 -2.446620985248343061e+01
1.060000000000000053e+00 -2.203877147189176711e+01
1.070000000000000062e+00 -1.739546677500894134e+01
1.080000000000000071e+00 -1.123491944370248774e+01
1.090000000000000080e+00 -4.258777160449121801e+00
1.100000000000000089e+00 2.661530618725818087e+00
1.110000000000000098e+00 8.998503624105410381e+00
1.120000000000000107e+00 1.434052316598737065e+01
1.129999999999999893e+00 1.803064497922427734e+01
1.139999999999999902e+00 1.974602237558470819e+01
1.149999999999999911e+00 1.948910929344260978e+01
1.159999999999999920e+00 1.720446475516879303e+01
1.169999999999999929e+00 1.319735722427684976e+01
1.179999999999999938e+00 8.200327971638589730e+00
1.189999999999999947e+00 2.777317836800012874e+00
1.199999999999999956e+00 -2.688847161500683480e+00
1.209999999999999964e+00 -7.594522813991149590e+00
1.219999999999999973e+00 -1.150941880418770324e+01
1.229999999999999982e+00 -1.420600018530953967e+01
1.239999999999999991e+00 -1.542647541152690138e+01
1.250000000000000000e+00 -1.502131519803380399e+01
1.260000000000000009e+00 -1.326345712627957418e+01
1.270000000000000018e+00 -1.035832877503206539e+01
1.280000000000000027e+00 -6.579959367089965205e+00
1.290000000000000036e+00 -2.305953557386983821e+00
1.300000000000000044e+00 2.139662709357981196e+00
1.310000000000000053e+00 6.414242118579597474e+00
1.320000000000000062e+00 9.933670984505495127e+00
1.330000000000000071e+00 1.228754205554795575e+01
1.340000000000000080e+00 1.321156786584288412e+01
1.350000000000000089e+00 1.263060645181174202e+01
1.360000000000000098e+00 1.066800787159566077e+01
1.370000000000000107e+00 7.600294396306357392e+00
1.379999999999999893e+00 4.038126432047954850e+00
1.389999999999999902e+00 3.219528688121996440e-01
1.399999999999999911e+00 -3.079824731364188217e+00
1.409999999999999920e+00 -5.921794952623414154e+00
1.419999999999999929e+00 -8.038168875880941755e+00
1.429999999999999938e+00 -9.378318422190522696e+00
1.439999999999999947e+00 -9.797597962621605205e+00
1.449999999999999956e+00 -9.195069377324269766e+00
1.459999999999999964e+00 -7.707975348367366308e+00
1.469999999999999973e+00 -5.656537281603808864e+00
1.479999999999999982e+00 -3.209309951592009380e+00
1.489999999999999991e+00 -4.814210891800827508e-01
1.500000000000000000e+00 2.205900295816118906e+00
1.510000000000000009e+00 4.582150681425595451e+00
1.520000000000000018e+00 6.544869654601217945e+00
1.530000000000000027e+00 7.804624651787399614e+00
1.540000000000000036e+00 8.301000604282267048e+00
1.550000000000000044e+00 8.049181412379718736e+00
1.560000000000000053e+00 6.871598821620830577e+00
1.570000000000000062e+00 4.921101141904602905e+00
1.580000000000000071e+00 2.429019349788243076e+00
1.590000000000000080e+00 -3.535274611303886871e-01
1.600000000000000089e+00 -2.911805955464173312e+00
1.610000000000000098e+00 -4.930161808866591500e+00
1.620000000000000107e+00 -6.235865271892241601e+00
1.629999999999999893e+00 -6.638123656391047511e+00
1.639999999999999902e+00 -6.357642448738206831e+00
1.649999999999999911e+00 -5.554148953151460510e+00
1.659999999999999920e+00 -4.169003627161140813e+00
1.669999999999999929e+00 -2.521367035867306150e+00
1.679999999999999938e+00 -8.206883928703658793e-01
1.689999999999999947e+00 7.817491872553183896e-01
1.699999999999999956e+00 2.273353173797105775e+00
1.709999999999999964e+00 3.562678080431660899e+00
1.719999999999999973e+00 4.373906369482678969e+00
1.729999999999999982e+00 4.824695551586151154e+00
1.739999999999999991e+00 4.894599461892519265e+00
1.750000000000000000e+00 4.431284369870438056e+00
1.760000000000000009e+00 3.666582128805302432e+00
1.770000000000000018e+00 2.539970550493642953e+00
1.780000000000000027e+00 1.169503702588021499e+00
1.790000000000000036e+00 -4.161924434482688895e-01
1.800000000000000044e+00 -1.972691610265331130e+00
1.810000000000000053e+00 -3.198537318213765523e+00
1.820000000000000062e+00 -3.947064350377145203e+00
1.830000000000000071e+00 -4.207058797053990773e+00
1.840000000000000080e+00 -4.159341431099024433e+00
1.850000000000000089e+00 -3.629041930007049555e+00
1.860000000000000098e+00 -2.722315270731171744e+00
1.870000000000000107e+00 -1.644020329554001680e+00
1.879999999999999893e+00 -3.576346756062718235e-01
1.889999999999999902e+00 9.805618125042979694e-01
1.899999999999999911e+00 1.995247444187116193e+00
1.909999999999999920e+00 2.492787757610613220e+00
1.919999999999999929e+00 2.796162125622675632e+00
1.929999999999999938e+00 2.935293897677571984e+00
1.939999999999999947e+00 2.913306281939777698e+00
1.949999999999999956e+00 2.552930359799819637e+00
1.959999999999999964e+00 2.020585000391972308e+00
1.969999999999999973e+00 1.321773463513019831e+00
1.979999999999999982e+00 1.847550712248625659e-01
1.989999999999999991e+00 -1.025899364368511701e+00
2.000000000000000000e+00 -1.984733208529424919e+00
2.009999999999999787e+00 -2.572882601724447493e+00
2.020000000000000018e+00 -2.914866338672370105e+00
2.029999999999999805e+00 -2.824618171707369285e+00
2.040000000000000036e+00 -2.256800748290873404e+00
2.049999999999999822e+00 -1.565868618870632112e+00
2.060000000000000053e+00 -8.790506301233032005e-01
2.069999999999999840e+00 -1.494648890135497066e-01
2.080000000000000071e+00 5.371527512073349664e-01
2.089999999999999858e+00 1.124640122162132494e+00
2.100000000000000089e+00 1.516655551060500873e+00
2.109999999999999876e+00 1.713397043415706200e+00
2.120000000000000107e+00 1.791673117166382001e+00
2.129999999999999893e+00 1.660658512146204080e+00
2.140000000000000124e+00 1.304571295129718145e+00
2.149999999999999911e+00 9.840405827571392372e-01
2.160000000000000142e+00 6.716347195373265633e-01
2.169999999999999929e+00 2.076444947831070920e-01
2.180000000000000160e+00 -2.403193748869889568e-01
2.189999999999999947e+00 -5.254927713413214407e-01
2.200000000000000178e+00 -8.457201507646683325e-01
2.209999999999999964e+00 -1.308941719056506692e+00
2.220000000000000195e+00 -1.741503908343853047e+00
2.229999999999999982e+00 -1.812631541015079062e+00
2.240000000000000213e+00 -1.685412280591018996e+00
2.250000000000000000e+00 -1.300995972827052150e+00
2.259999999999999787e+00 -6.033777350634146330e-01
2.270000000000000018e+00 2.466397846630885571e-01
2.279999999999999805e+00 1.083063130987805156e+00
2.290000000000000036e+00 1.657836264028684337e+00
2.299999999999999822e+00 1.849670105888141070e+00
2.310000000000000053e+00 1.798838003230836868e+00
2.319999999999999840e+00 1.462589927024363856e+00
2.330000000000000071e+00 9.110776924568531054e-01
2.339999999999999858e+00 3.276473951934437689e-01
2.350000000000000089e+00 -1.178432536978037959e-01
2.359999999999999876e+00 -5.233389803071015756e-01
2.370000000000000107e+00 -7.536245134765167109e-01
2.379999999999999893e+00 -7.876134030428572075e-01
2.390000000000000124e+00 -7.659293251751839726e-01
2.399999999999999911e+00 -8.954125462024906668e-01
2.410000000000000142e+00 -1.160738490996803485e+00
2.419999999999999929e+00 -1.302473892414965695e+00
2.430000000000000160e+00 -1.183442126587731957e+00
2.439999999999999947e+00 -9.133484592397764779e-01
2.450000000000000178e+00 -4.109654374309390512e-01
2.459999999999999964e+00 3.612839840109574041e-01
2.470000000000000195e+00 9.866008065341672628e-01
2.479999999999999982e+00 1.347288882513276942e+00
2.490000000000000213e+00 1.603919334734180246e+00
2.500000000000000000e+00 1.688187378781259795e+00
2.509999999999999787e+00 1.615432200678797781e+00
2.520000000000000018e+00 1.249283784857019519e+00
2.529999999999999805e+00 6.562853170909370704e-01
2.540000000000000036e+00 -5.168093791135708326e-02
2.549999999999999822e+00 -5.738832637363435740e-01
2.560000000000000053e+00 -9.389646807694358444e-01
2.569999999999999840e+00 -1.141037935897802225e+00
2.580000000000000071e+00 -1.163980967228270380e+00
2.589999999999999858e+00 -1.107216516240224102e+00
2.600000000000000089e+00 -1.110125667838808949e+00
2.609999999999999876e+00 -9.056282664472419253e-01
2.620000000000000107e+00 -5.054740612507210296e-01
2.629999999999999893e+00 -1.319590494591108276e-01
2.640000000000000124e+00 1.432244402752271828e-01
2.649999999999999911e+00 4.582884650514913449e-01
2.660000000000000142e+00 7.732744959183655009e-01
2.669999999999999929e+00 9.233435394262303753e-01
2.680000000000000160e+00 1.262540345829886501e+00
2.689999999999999947e+00 1.620691694889498713e+00
2.700000000000000178e+00 1.746445433113072765e+00
2.709999999999999964e+00 1.582632617698427335e+00
2.720000000000000195e+00 9.450809606245331729e-01
2.729999999999999982e+00 6.717845319753740219e-02
2.740000000000000213e+00 -7.291287897223659442e-01
2.750000000000000000e+00 -1.457791695807249432e+00
2.759999999999999787e+00 -1.829351978251348543e+00
2.770000000000000018e+00 -1.846877510844334269e+00
2.779999999999999805e+00 -1.757645807479128131e+00
2.790000000000000036e+00 -1.490719261628886905e+00
2.799999999999999822e+00 -9.139999961694871278e-01
2.810000000000000053e+00 -3.234872068287063529e-01
2.819999999999999840e+00 2.732808785862390621e-01
2.830000000000000071e+00 7.218379442402687030e-01
2.839999999999999858e+00 1.026097989897057916e+00
2.850000000000000089e+00 1.279099033335072688e+00
2.859999999999999876e+00 1.270992288783095781e+00
2.870000000000000107e+00 1.085662141764563993e+00
2.879999999999999893e+00 8.903459489208525035e-01
2.890000000000000124e+00 6.031319139117663486e-01
2.899999999999999911e+00 4.677602336459413257e-01
2.910000000000000142e+00 3.751820274459850002e-01
2.919999999999999929e+00 1.753182923481646505e-01
2.930000000000000160e+00 -6.178196808825803937e-02
2.939999999999999947e+00 -4.381175007700081059e-01
2.950000000000000178e+00 -9.691821780849226853e-01
2.959999999999999964e+00 -1.425680577428034113e+00
2.970000000000000195e+00 -1.593918287479538565e+00
2.979999999999999982e+00 -1.628667662343370903e+00
2.990000000000000213e+00 -1.263853917486126521e+00
3.000000000000000000e+00 -5.378334263399559001e-01
3.009999999999999787e+00 2.000940444037926369e-01
3.020000000000000018e+00 7.758872781290890863e-01
3.029999999999999805e+00 1.190511544346795514e+00
3.040000000000000036e+00 1.384831100424072980e+00
3.049999999999999822e+00 1.370439359233498466e+00
3.060000000000000053e+00 1.142229063120037580e+00
3.069999999999999840e+00 9.124515310996172968e-01
3.080000000000000071e+00 7.082619196504009729e-01
3.089999999999999858e+00 3.161951348905889247e-01
3.100000000000000089e+00 -1.889500825104576398e-01
3.109999999999999876e+00 -5.108378976216704226e-01
3.120000000000000107e+00 -6.160317950841701640e-01
3.129999999999999893e+00 -6.115188732500942415e-01
3.140000000000000124e+00 -6.673058108897274021e-01
3.149999999999999911e+00 -8.792587462367906781e-01
3.160000000000000142e+00 -1.055398923533150235e+00
3.169999999999999929e+00 -1.189358344910031562e+00
3.180000000000000160e+00 -1.176000860962538086e+00
3.189999999999999947e+00 -8.061521210748314736e-01
3.200000000000000178e+00 -2.325252157683981302e-01
3.209999999999999964e+00 2.951750275958250347e-01
3.220000000000000195e+00 8.352290575606616807e-01
3.229999999999999982e+00 1.256304558474466759e+00
3.240000000000000213e+00 1.360950255241387019e+00
3.250000000000000000e+00 1.375466575060773744e+00
3.259999999999999787e+00 1.349730518440140248e+00
3.270000000000000018e+00 1.125109760600901510e+00
3.279999999999999805e+00 8.014359071461671924e-01
3.290000000000000036e+00 3.610191420366025694e-01
3.299999999999999822e+00 -1.281671241726006771e-01
3.310000000000000053e+00 -4.450272983249670689e-01
3.319999999999999840e+00 -6.380119860057181791e-01
3.330000000000000071e+00 -7.410519239918629264e-01
3.339999999999999858e+00 -8.860474940009304134e-01
3.350000000000000089e+00 -1.109961840918736842e+00
3.359999999999999876e+00 -1.194207111213803962e+00
3.370000000000000107e+00 -1.251374374084088803e+00
3.379999999999999893e+00 -1.249805390811129069e+00
3.390000000000000124e+00 -1.138551104030905314e+00
3.399999999999999911e+00 -8.420453912509124894e-01
3.410000000000000142e+00 -2.265973314958000806e-01
3.419999999999999929e+00 6.240626988791669882e-01
3.430000000000000160e+00 1.467863768695654159e+00
3.439999999999999947e+00 1.976123098737793793e+00
3.450000000000000178e+00 2.174278796541868175e+00
3.459999999999999964e+00 2.031919324797524240e+00
3.470000000000000195e+00 1.514758642980326364e+00
3.479999999999999982e+00 9.023740296652286164e-01
3.490000000000000213e+00 3.476777245224582646e-01
3.500000000000000000e+00 -1.247779764251084333e-01
3.509999999999999787e+00 -4.939371892734747971e-01
3.520000000000000018e+00 -9.836677197922070182e-01
3.529999999999999805e+00 -1.471430023098340811e+00
3.540000000000000036e+00 -1.785590409381494936e+00
3.549999999999999822e+00 -1.796864469591485491e+00
3.560000000000000053e+00 -1.503528309006811003e+00
3.569999999999999840e+00 -1.114043136065266504e+00
3.580000000000000071e+00 -7.620428078127796656e-01
3.589999999999999858e+00 -3.380691091247935987e-01
3.600000000000000089e+00 -2.163333473286010999e-02
3.609999999999999876e+00 2.263107401369433003e-01
3.620000000000000107e+00 6.559613162171188394e-01
3.629999999999999893e+00 1.182913040314151898e+00
3.640000000000000124e+00 1.633766627559889884e+00
3.649999999999999911e+00 1.973607472943717855e+00
3.660000000000000142e+00 2.020719169669461746e+00
3.669999999999999929e+00 1.609653594608997595e+00
3.680000000000000160e+00 1.013552056599643647e+00
3.689999999999999947e+00 2.429357512581404588e-01
3.700000000000000178e+00 -4.858353246614504628e-01
3.709999999999999964e+00 -1.141068482964185060e+00
3.720000000000000195e+00 -1.777556162456436217e+00
3.729999999999999982e+00 -2.011747833857199907e+00
3.740000000000000213e+00 -1.822542303305998646e+00
3.750000000000000000e+00 -1.442212045435195211e+00
3.759999999999999787e+00 -1.008421202663351446e+00
3.770000000000000018e+00 -5.878215108035018677e-01
3.779999999999999805e+00 -1.763040618451907071e-01
3.790000000000000036e+00 1.106341664749860565e-01
3.799999999999999822e+00 3.855175179075602809e-01
3.810000000000000053e+00 7.910101474911065411e-01
3.819999999999999840e+00 1.128120081330558522e+00
3.830000000000000071e+00 1.302760068233188573e+00
3.839999999999999858e+00 1.360607157639730946e+00
3.850000000000000089e+00 1.312863088665866318e+00
3.859999999999999876e+00 1.144010301390137929e+00
3.870000000000000107e+00 7.979134855484184552e-01
3.879999999999999893e+00 3.355550903879749303e-01
3.890000000000000124e+00 -2.125082339415396149e-01
3.899999999999999911e+00 -8.187746150887793561e-01
3.910000000000000142e+00 -1.292819508724163402e+00
3.919999999999999929e+00 -1.589195731747377049e+00
3.930000000000000160e+00 -1.661224041566901288e+00
3.939999999999999947e+00 -1.521170395594992897e+00
3.950000000000000178e+00 -1.144658312643215048e+00
3.959999999999999964e+00 -5.710390708555366235e-01
3.970000000000000195e+00 4.662669191009424785e-02
3.979999999999999982e+00 5.908060806436944423e-01
3.990000000000000213e+00 1.006964335877530203e+00
4.000000000000000000e+00 1.231321268387929990e+00
4.009999999999999787e+00 1.296368476484986765e+00
4.019999999999999574e+00 1.242795789979369792e+00
4.030000000000000249e+00 9.652239737929000363e-01
4.040000000000000036e+00 6.796339353037157416e-01
4.049999999999999822e+00 5.505669921118958587e-01
4.059999999999999609e+00 3.824126215874286139e-01
4.070000000000000284e+00 2.204757540151909279e-01
4.080000000000000071e+00 -8.115331857071467203e-02
4.089999999999999858e+00 -5.747258703065285523e-01
4.099999999999999645e+00 -1.109853963775029984e+00
4.110000000000000320e+00 -1.398036035961834900e+00
4.120000000000000107e+00 -1.517323793915481112e+00
4.129999999999999893e+00 -1.352034087092194969e+00
4.139999999999999680e+00 -8.403979415462391467e-01
4.150000000000000355e+00 -2.703703727205890583e-01
4.160000000000000142e+00 3.838603479547623154e-01
4.169999999999999929e+00 9.818637332832383935e-01
4.179999999999999716e+00 1.342665864771430462e+00
4.190000000000000391e+00 1.456074086293194458e+00
4.200000000000000178e+00 1.365506504634662166e+00
4.209999999999999964e+00 1.091499919643660776e+00
4.219999999999999751e+00 8.049071001738186126e-01
4.230000000000000426e+00 4.801109005500499016e-01
4.240000000000000213e+00 1.442049182503340465e-01
4.250000000000000000e+00 -1.501650927476212982e-01
4.259999999999999787e+00 -4.059481260949908132e-01
4.269999999999999574e+00 -6.458649896614899744e-01
4.280000000000000249e+00 -8.034188380984808031e-01
4.290000000000000036e+00 -8.465797764292877226e-01
4.299999999999999822e+00 -8.935648691898805396e-01
4.309999999999999609e+00 -9.174047018580890889e-01
4.320000000000000284e+00 -9.197728712078866442e-01
4.330000000000000071e+00 -9.387082427175950095e-01
4.339999999999999858e+00 -1.012326207006424283e+00
4.349999999999999645e+00 -8.721115890668293957e-01
4.360000000000000320e+00 -3.673665565108274467e-01
4.370000000000000107e+00 3.284886759399584522e-01
4.379999999999999893e+00 1.146710469706154756e+00
4.389999999999999680e+00 1.864167685920252282e+00
4.400000000000000355e+00 2.187822845084823609e+00
4.410000000000000142e+00 1.985730054448480164e+00
4.419999999999999929e+00 1.401906601574397504e+00
4.429999999999999716e+00 8.801282457932252390e-01
4.440000000000000391e+00 3.978427794778683912e-01
4.450000000000000178e+00 -1.503691609506569993e-01
4.459999999999999964e+00 -5.974267564634955230e-01
4.469999999999999751e+00 -1.029336788242114498e+00
4.480000000000000426e+00 -1.388829826718102733e+00
4.490000000000000213e+00 -1.590221398256904006e+00
4.500000000000000000e+00 -1.628897221000894957e+00
4.509999999999999787e+00 -1.470650497769757648e+00
4.519999999999999574e+00 -1.284016986328336163e+00
4.530000000000000249e+00 -1.078571970068427754e+00
4.540000000000000036e+00 -7.404410643657342028e-01
4.549999999999999822e+00 -3.003770448693053319e-01
4.559999999999999609e+00 2.935194996664169387e-01
4.570000000000000284e+00 8.582601374626948054e-01
4.580000000000000071e+00 1.400821878515863039e+00
4.589999999999999858e+00 1.819570072205330069e+00
4.599999999999999645e+00 1.921168702548794016e+00
4.610000000000000320e+00 1.756668883717298568e+00
4.620000000000000107e+00 1.534133784188676852e+00
4.629999999999999893e+00 1.233839744236025826e+00
4.639999999999999680e+00 5.463368281256048009e-01
4.650000000000000355e+00 -4.254918270692868987e-01
4.660000000000000142e+00 -1.216456236245511358e+00
4.669999999999999929e+00 -1.674805006908005822e+00
4.679999999999999716e+00 -1.959839306326170316e+00
4.690000000000000391e+00 -1.989796877990452462e+00
4.700000000000000178e+00 -1.645459364832689619e+00
4.709999999999999964e+00 -1.046167116926717711e+00
4.719999999999999751e+00 -5.004226814020539260e-01
4.730000000000000426e+00 -2.436940456807625832e-01
4.740000000000000213e+00 -1.044888937521374350e-01
4.750000000000000000e+00 9.055729298893205881e-02
4.759999999999999787e+00 3.060106746994986082e-01
4.769999999999999574e+00 6.293726919509730067e-01
4.780000000000000249e+00 1.152993912995061043e+00
4.790000000000000036e+00 1.658905200853474593e+00
4.799999999999999822e+00 2.011548603069464036e+00
4.809999999999999609e+00 2.038760990088974268e+00
4.820000000000000284e+00 1.817605643706961871e+00
4.830000000000000071e+00 1.179170473082565174e+00
4.839999999999999858e+00 2.533207324769884972e-01
4.849999999999999645e+00 -4.883420472096161591e-01
4.860000000000000320e+00 -9.417173014585398239e-01
4.870000000000000107e+00 -1.272318916942674072e+00
4.879999999999999893e+00 -1.499828803300322644e+00
4.889999999999999680e+00 -1.648741823023314401e+00
4.900000000000000355e+00 -1.707828281970008799e+00
4.910000000000000142e+00 -1.664785753252473688e+00
4.919999999999999929e+00 -1.480408862298429051e+00
4.929999999999999716e+00 -9.882937805645393148e-01
4.940000000000000391e+00 -2.979073220568597136e-01
4.950000000000000178e+00 2.879818416358780886e-01
4.959999999999999964e+00 6.949694353605834207e-01
4.969999999999999751e+00 1.039607270543203121e+00
4.980000000000000426e+00 1.287609105843041890e+00
4.990000000000000213e+00 1.482513319801929796e+00
5.000000000000000000e+00 1.603568852311768600e+00
5.009999999999999787e+00 1.539580426989747064e+00
5.019999999999999574e+00 1.206078820342399105e+00
5.030000000000000249e+00 7.005189302376035876e-01
5.040000000000000036e+00 3.100425595416680391e-01
5.049999999999999822e+00 -1.230471723062369210e-01
5.059999999999999609e+00 -6.784158237763420196e-01
5.070000000000000284e+00 -1.278537450846820800e+00
5.080000000000000071e+00 -1.747160765055512543e+00
5.089999999999999858e+00 -1.848928040163749342e+00
5.099999999999999645e+00 -1.631605710249142138e+00
5.110000000000000320e+00 -1.143653154208965184e+00
5.120000000000000107e+00 -5.306461374382485108e-01
5.129999999999999893e+00 2.597998646447807758e-02
5.139999999999999680e+00 4.076409937653114879e-01
5.150000000000000355e+00 4.745424327198711212e-01
5.160000000000000142e+00 4.533372921630815511e-01
5.169999999999999929e+00 5.220645807031675245e-01
5.179999999999999716e+00 5.484961343966259228e-01
5.190000000000000391e+00 6.818127847517534423e-01
5.200000000000000178e+00 9.288993575128152713e-01
5.209999999999999964e+00 1.114871303173034178e+00
5.219999999999999751e+00 1.140487438460600300e+00
5.230000000000000426e+00 7.790377087498914221e-01
5.240000000000000213e+00 1.900178986449666263e-01
5.250000000000000000e+00 -5.366681181127246347e-01
5.259999999999999787e+00 -1.257240546605329357e+00
5.269999999999999574e+00 -1.631448931590261164e+00
5.280000000000000249e+00 -1.759698825527468813e+00
5.290000000000000036e+00 -1.728903486994612493e+00
5.299999999999999822e+00 -1.537569000917307527e+00
5.309999999999999609e+00 -1.090029941676414538e+00
5.320000000000000284e+00 -5.102856086594680374e-01
5.330000000000000071e+00 4.154598485331745250e-02
5.339999999999999858e+00 6.381465586300862913e-01
5.349999999999999645e+00 1.210441842745892949e+00
5.360000000000000320e+00 1.616713675870736999e+00
5.370000000000000107e+00 1.699094637672707631e+00
5.379999999999999893e+00 1.488234218343644555e+00
5.389999999999999680e+00 1.067584108695078360e+00
5.400000000000000355e+00 6.084449943737602062e-01
5.410000000000000142e+00 2.457491391196392483e-01
5.419999999999999929e+00 -2.394592587045707432e-02
5.429999999999999716e+00 -1.685977489428667209e-01
5.440000000000000391e+00 -2.578925802644320697e-01
5.450000000000000178e+00 -4.961077202180597667e-01
5.459999999999999964e+00 -7.644587480951385849e-01
5.469999999999999751e+00 -1.180179340383261444e+00
5.480000000000000426e+00 -1.600515208091234154e+00
5.490000000000000213e+00 -1.842037871642842273e+00
5.500000000000000000e+00 -1.709125216331210284e+00
5.509999999999999787e+00 -1.149942373254364991e+00
5.519999999999999574e+00 -5.269620213020747013e-01
5.530000000000000249e+00 1.026173246792403404e-01
5.540000000000000036e+00 8.311365161386348177e-01
5.549999999999999822e+00 1.452070321689328702e+00
5.559999999999999609e+00 1.900378229399934060e+00
5.570000000000000284e+00 2.015604391446204957e+00
5.580000000000000071e+00 1.709553350703820307e+00
5.589999999999999858e+00 1.135009141716129211e+00
5.599999999999999645e+00 4.719480519180967448e-01
5.610000000000000320e+00 -1.156992805209769992e-01
5.620000000000000107e+00 -4.736906972916167247e-01
5.629999999999999893e+00 -6.887832393851602841e-01
5.639999999999999680e+00 -8.973603481143214156e-01
5.650000000000000355e+00 -1.171961588403874988e+00
5.660000000000000142e+00 -1.174258278744879869e+00
5.669999999999999929e+00 -8.936516587090950203e-01
5.679999999999999716e+00 -6.642164484261130486e-01
5.690000000000000391e+00 -5.180029523046010276e-01
5.700000000000000178e+00 -4.392539593792581520e-01
5.709999999999999964e+00 -3.386507678877697658e-01
5.719999999999999751e+00 -3.776858363619023384e-02
5.730000000000000426e+00 5.182746064733693148e-01
5.740000000000000213e+00 1.153868147812631584e+00
5.750000000000000000e+00 1.609185753461175095e+00
5.759999999999999787e+00 1.789041659654362348e+00
5.769999999999999574e+00 1.711313109400941945e+00
5.780000000000000249e+00 1.360630789626351866e+00
5.790000000000000036e+00 8.122821642128971176e-01
5.799999999999999822e+00 4.718856989134551094e-02
5.809999999999999609e+00 -6.601042253408599958e-01
5.820000000000000284e+00 -1.043567811085994723e+00
5.830000000000000071e+00 -1.261159163442246989e+00
5.839999999999999858e+00 -1.321853520591473430e+00
5.849999999999999645e+00 -1.233357577778774639e+00
5.860000000000000320e+00 -1.191121916854765539e+00
5.870000000000000107e+00 -1.027390893699590357e+00
5.879999999999999893e+00 -7.709564772190361515e-01
5.889999999999999680e+00 -5.232612957339037862e-01
5.900000000000000355e+00 -1.356161013782051228e-01
5.910000000000000142e+00 2.178298062936622204e-01
5.919999999999999929e+00 5.465890898814977916e-01
5.929999999999999716e+00 9.170804725297481141e-01
5.940000000000000391e+00 1.250528764474818644e+00
5.950000000000000178e+00 1.345237667344060473e+00
5.959999999999999964e+00 1.335453427519466496e+00
5.969999999999999751e+00 1.341764350428701569e+00
5.980000000000000426e+00 1.099622138336160404e+00
5.990000000000000213e+00 7.622767185521983624e-01
6.000000000000000000e+00 3.279376318300002424e-01
6.009999999999999787e+00 -2.905707527068265295e-01
6.019999999999999574e+00 -8.854973035904381007e-01
6.030000000000000249e+00 -1.558696063401071363e+00
6.040000000000000036e+00 -1.909378369827052335e+00
6.049999999999999822e+00 -1.730851279319680636e+00
6.059999999999999609e+00 -1.310706420539072603e+00
6.070000000000000284e+00 -7.495564623507595670e-01
6.080000000000000071e+00 -1.596492640782214423e-01
6.089999999999999858e+00 3.089507208478929345e-01
6.099999999999999645e+00 7.121537393052643772e-01
6.110000000000000320e+00 9.154737063262581298e-01
6.120000000000000107e+00 8.944786295299796963e-01
6.129999999999999893e+00 6.633248713941131136e-01
6.139999999999999680e+00 3.950476230262562893e-01
6.150000000000000355e+00 2.876156685078259390e-01
6.160000000000000142e+00 6.004267174111732608e-01
6.169999999999999929e+00 9.345982578088380954e-01
6.179999999999999716e+00 9.156087648560726766e-01
6.190000000000000391e+00 6.153065952482019707e-01
6.200000000000000178e+00 -1.416228154467980005e-02
6.209999999999999964e+00 -7.938243068155852455e-01
6.219999999999999751e+00 -1.365729624503580819e+00
6.230000000000000426e+00 -1.661892808845643277e+00
6.240000000000000213e+00 -1.678376260679977694e+00
6.250000000000000000e+00 -1.481961915740320990e+00
6.259999999999999787e+00 -1.123123593563863043e+00
6.269999999999999574e+00 -6.362650845448019066e-01
6.280000000000000249e+00 -1.515155772355168684e-01
6.290000000000000036e+00 4.205832931448197920e-01
6.299999999999999822e+00 1.166871813200117458e+00
6.309999999999999609e+00 1.770609427297877403e+00
6.320000000000000284e+00 1.983084795717004134e+00
6.330000000000000071e+00 1.886731729728096107e+00
6.339999999999999858e+00 1.515513320075495773e+00
6.349999999999999645e+00 1.117702828578309049e+00
6.360000000000000320e+00 6.682786776942097884e-01
6.370000000000000107e+00 1.794628734008871795e-01
6.379999999999999893e+00 -2.990095786910422770e-01
6.389999999999999680e+00 -7.086291911406470412e-01
6.400000000000000355e+00 -1.186128192675224735e+00
6.410000000000000142e+00 -1.494015897142333626e+00
6.419999999999999929e+00 -1.603415295851614131e+00
6.429999999999999716e+00 -1.839096416160393765e+00
6.440000000000000391e+00 -1.847874951488863271e+00
6.450000000000000178e+00 -1.462034939528221500e+00
6.459999999999999964e+00 -1.012230053535405405e+00
6.469999999999999751e+00 -4.718284282766661564e-01
6.480000000000000426e+00 3.865798304617297787e-01
6.490000000000000213e+00 1.263957984528370604e+00
6.500000000000000000e+00 2.017590547479974017e+00
6.509999999999999787e+00 2.451770780324275201e+00
6.519999999999999574e+00 2.463577056373149610e+00
6.530000000000000249e+00 2.107867804763491115e+00
6.540000000000000036e+00 1.393577578356849589e+00
6.549999999999999822e+00 6.133690828786930727e-01
6.559999999999999609e+00 3.464671818741288378e-02
6.570000000000000284e+00 -3.994843033512607833e-01
6.580000000000000071e+00 -6.860504142027094021e-01
6.589999999999999858e+00 -8.383356394567738068e-01
6.599999999999999645e+00 -1.048428143153166570e+00
6.610000000000000320e+00 -1.227379293861888598e+00
6.620000000000000107e+00 -1.466258134973401406e+00
6.629999999999999893e+00 -1.647415927092841681e+00
6.639999999999999680e+00 -1.541886677151778517e+00
6.650000000000000355e+00 -1.295855259545720006e+00
6.660000000000000142e+00 -8.836560461843465664e-01
6.669999999999999929e+00 -2.649587728181924118e-01
6.679999999999999716e+00 5.445208982270236531e-01
6.690000000000000391e+00 1.171321296343113216e+00
6.700000000000000178e+00 1.561499434584508350e+00
6.709999999999999964e+00 1.958726356936163038e+00
6.719999999999999751e+00 2.183351165539512362e+00
6.730000000000000426e+00 2.135189028303672298e+00
6.740000000000000213e+00 1.696383305021207821e+00
6.750000000000000000e+00 1.011451409376241006e+00
6.759999999999999787e+00 1.076287810423706137e-01
6.769999999999999574e+00 -6.930752735990809432e-01
6.780000000000000249e+00 -1.262732868244005768e+00
6.790000000000000036e+00 -1.528969393574602709e+00
6.799999999999999822e+00 -1.574870309478541675e+00
6.809999999999999609e+00 -1.460064087915140307e+00
6.820000000000000284e+00 -1.291322016470565659e+00
6.830000000000000071e+00 -1.178752326304535192e+00
6.839999999999999858e+00 -9.633674905716185233e-01
6.849999999999999645e+00 -6.637326103600731386e-01
6.860000000000000320e+00 -3.785536017377039708e-01
6.870000000000000107e+00 1.278869106420575386e-01
6.879999999999999893e+00 7.038192148061288567e-01
6.889999999999999680e+00 1.091831562034207836e+00
6.900000000000000355e+00 1.419147956522486931e+00
6.910000000000000142e+00 1.586390739042579767e+00
6.919999999999999929e+00 1.534517992584252477e+00
6.929999999999999716e+00 1.490616219119554664e+00
6.940000000000000391e+00 1.205499018792212773e+00
6.950000000000000178e+00 7.067317129083420246e-01
6.959999999999999964e+00 1.313851445275404650e-03
6.969999999999999751e+00 -7.092017619911729076e-01
6.980000000000000426e+00 -1.324081301602913374e+00
6.990000000000000213e+00 -1.595804470941170061e+00
7.000000000000000000e+00 -1.631481883061751681e+00
7.009999999999999787e+00 -1.614618835877998482e+00
7.019999999999999574e+00 -1.417200313601606254e+00
7.030000000000000249e+00 -1.132647865551811739e+00
7.040000000000000036e+00 -6.735629579777362430e-01
7.049999999999999822e+00 -8.126062421205615394e-02
7.059999999999999609e+00 2.391208767435412108e-01
7.070000000000000284e+00 4.514955678031483677e-01
7.080000000000000071e+00 7.010225932556526374e-01
7.089999999999999858e+00 1.010030501215607224e+00
7.099999999999999645e+00 1.390335359503314328e+00
7.110000000000000320e+00 1.629697894630811827e+00
7.120000000000000107e+00 1.648229384225282423e+00
7.129999999999999893e+00 1.451682022894718038e+00
7.139999999999999680e+00 9.586945480586620549e-01
7.150000000000000355e+00 2.414081009346792372e-01
7.160000000000000142e+00 -5.246283590430271815e-01
7.169999999999999929e+00 -1.261448400650568846e+00
7.179999999999999716e+00 -1.696292405841378192e+00
7.190000000000000391e+00 -1.840452747174062154e+00
7.200000000000000178e+00 -1.844499003981044494e+00
7.209999999999999964e+00 -1.541585715220986863e+00
7.219999999999999751e+00 -9.955228162366053235e-01
7.230000000000000426e+00 -3.295438160331110589e-01
7.240000000000000213e+00 3.485998662157152594e-01
7.250000000000000000e+00 7.550650847076678662e-01
7.259999999999999787e+00 8.263373342622881701e-01
7.269999999999999574e+00 7.870749114825889015e-01
7.280000000000000249e+00 7.752161548095132249e-01
7.290000000000000036e+00 8.281405587160333148e-01
7.299999999999999822e+00 1.017301273802543093e+00
7.309999999999999609e+00 1.092614713642783286e+00
7.320000000000000284e+00 9.708738194570377678e-01
7.330000000000000071e+00 8.801844646508226733e-01
7.339999999999999858e+00 6.720565047989930374e-01
7.349999999999999645e+00 3.211176849215007234e-01
7.360000000000000320e+00 -1.459041074032178531e-01
7.370000000000000107e+00 -7.921855590074265985e-01
7.379999999999999893e+00 -1.395079903270092458e+00
7.389999999999999680e+00 -1.910726539539794544e+00
7.400000000000000355e+00 -2.182565598041683597e+00
7.410000000000000142e+00 -2.016854344847333724e+00
7.419999999999999929e+00 -1.542742672691499228e+00
7.429999999999999716e+00 -9.622463854208893608e-01
7.440000000000000391e+00 -2.611948064680102988e-01
7.450000000000000178e+00 6.456432084530789872e-01
7.459999999999999964e+00 1.500420422034794976e+00
7.469999999999999751e+00 1.932332494168270465e+00
7.480000000000000426e+00 2.044198372852633394e+00
7.490000000000000213e+00 1.916558579835932363e+00
7.500000000000000000e+00 1.480653781770393973e+00
7.509999999999999787e+00 9.408137999912909999e-01
7.519999999999999574e+00 5.861859861167080243e-01
7.530000000000000249e+00 2.821257704393502763e-01
7.540000000000000036e+00 -8.706449444606365051e-02
7.549999999999999822e+00 -3.498381897368245119e-01
7.559999999999999609e+00 -6.450854292259362577e-01
7.570000000000000284e+00 -9.800773912043471148e-01
7.580000000000000071e+00 -1.245814187769505921e+00
7.589999999999999858e+00 -1.471687153459406927e+00
7.599999999999999645e+00 -1.552096879387587780e+00
7.610000000000000320e+00 -1.469640309482772578e+00
7.620000000000000107e+00 -1.221693761026704017e+00
7.629999999999999893e+00 -8.176680856267406483e-01
7.639999999999999680e+00 -1.778208081201368140e-01
7.650000000000000355e+00 5.438028656042048770e-01
7.660000000000000142e+00 1.237674881103029811e+00
7.669999999999999929e+00 1.800966832321756916e+00
7.679999999999999716e+00 2.098378272162871649e+00
7.690000000000000391e+00 2.092602491875859005e+00
7.700000000000000178e+00 1.694571315900836872e+00
7.709999999999999964e+00 1.120147083792681020e+00
7.719999999999999751e+00 6.397733151463145251e-01
7.730000000000000426e+00 1.421429191369381062e-01
7.740000000000000213e+00 -4.233194130525772536e-01
7.750000000000000000e+00 -8.422763313071048863e-01
7.759999999999999787e+00 -1.283887234230732588e+00
7.769999999999999574e+00 -1.671697554021535304e+00
7.780000000000000249e+00 -1.802641045478614590e+00
7.790000000000000036e+00 -1.738335282170784701e+00
7.799999999999999822e+00 -1.573443245355078624e+00
7.809999999999999609e+00 -1.284365483251333595e+00
7.820000000000000284e+00 -8.246283011852851841e-01
7.830000000000000071e+00 -1.890791355533045781e-01
7.839999999999999858e+00 5.510010143166970131e-01
7.849999999999999645e+00 1.257463439661502314e+00
7.860000000000000320e+00 1.764436252305034980e+00
7.870000000000000107e+00 2.042001677083673972e+00
7.879999999999999893e+00 2.047500332994729000e+00
7.889999999999999680e+00 1.682809036859764795e+00
7.900000000000000355e+00 1.275583289088582095e+00
7.910000000000000142e+00 6.848653473115264845e-01
7.919999999999999929e+00 -2.375500621123194378e-02
7.929999999999999716e+00 -7.156677176586928590e-01
7.940000000000000391e+00 -1.188389171912289433e+00
7.950000000000000178e+00 -1.393033733311751732e+00
7.959999999999999964e+00 -1.513866808713580259e+00
7.969999999999999751e+00 -1.448539914321158584e+00
7.980000000000000426e+00 -1.276137867955049465e+00
7.990000000000000213e+00 -1.170587118616951416e+00
8.000000000000000000e+00 -9.789795304589138381e-01
8.009999999999999787e+00 -6.243548273135214322e-01
8.019999999999999574e+00 -1.990106896715263807e-01
8.029999999999999361e+00 2.365040991418243532e-01
8.039999999999999147e+00 7.455927522776988337e-01
8.050000000000000711e+00 1.207254903552164693e+00
8.060000000000000497e+00 1.525217803306610609e+00
8.070000000000000284e+00 1.681732547739125838e+00
8.080000000000000071e+00 1.584118983098064426e+00
8.089999999999999858e+00 1.310325262318544626e+00
8.099999999999999645e+00 8.852147213119878622e-01
8.109999999999999432e+00 3.198135965883586729e-01
8.119999999999999218e+00 -3.039786795398783936e-01
8.130000000000000782e+00 -8.802735800887466766e-01
8.140000000000000568e+00 -1.381140837350332440e+00
8.150000000000000355e+00 -1.566108540868367482e+00
8.160000000000000142e+00 -1.291744972552127946e+00
8.169999999999999929e+00 -8.539212447209694190e-01
8.179999999999999716e+00 -4.726416949600578121e-01
8.189999999999999503e+00 -1.480477609539192496e-01
8.199999999999999289e+00 1.603999466265781937e-02
8.210000000000000853e+00 6.755494281327223405e-02
8.220000000000000639e+00 1.370371609512803235e-01
8.230000000000000426e+00 2.667714998677304106e-01
8.240000000000000213e+00 4.667598952445193294e-01
8.250000000000000000e+00 6.757378046603816912e-01
8.259999999999999787e+00 8.698383096157831229e-01
8.269999999999999574e+00 1.006577953755062982e+00
8.279999999999999361e+00 8.915672274586465829e-01
8.289999999999999147e+00 7.902099896093112141e-01
8.300000000000000711e+00 5.374576929660497271e-01
8.310000000000000497e+00 4.490902091108850414e-02
8.320000000000000284e+00 -5.660161838682855606e-01
8.330000000000000071e+00 -1.041645136137474115e+00
8.339999999999999858e+00 -1.303228138395819968e+00
8.349999999999999645e+00 -1.436477082492432444e+00
8.359999999999999432e+00 -1.371613339379348373e+00
8.369999999999999218e+00 -1.154403519813023582e+00
8.380000000000000782e+00 -8.902453647920693935e-01
8.390000000000000568e+00 -4.211329501009372089e-01
8.400000000000000355e+00 2.417935926213765629e-01
8.410000000000000142e+00 7.914527244086966284e-01
8.419999999999999929e+00 1.141816353345230350e+00
8.429999999999999716e+00 1.407604477014545052e+00
8.439999999999999503e+00 1.586635067839583746e+00
8.449999999999999289e+00 1.633790343518101373e+00
8.460000000000000853e+00 1.477846224605168013e+00
8.470000000000000639e+00 1.156754561885733779e+00
8.480000000000000426e+00 8.080076954338135664e-01
8.490000000000000213e+00 4.686035064160076757e-01
8.500000000000000000e+00 1.582055647075453209e-02
8.509999999999999787e+00 -5.750516324453036621e-01
8.519999999999999574e+00 -1.167760713352828716e+00
8.529999999999999361e+00 -1.676937131249276458e+00
8.539999999999999147e+00 -2.102906424068232027e+00
8.550000000000000711e+00 -2.381462987969494627e+00
8.560000000000000497e+00 -2.367914798451663749e+00
8.570000000000000284e+00 -1.951138934182341522e+00
8.580000000000000071e+00 -1.162198655432107763e+00
8.589999999999999858e+00 -3.862132357055036991e-02
8.599999999999999645e+00 1.035440003773302253e+00
8.609999999999999432e+00 1.876305206932741276e+00
8.619999999999999218e+00 2.203407330704795442e+00
8.630000000000000782e+00 2.154593602210147729e+00
8.640000000000000568e+00 1.955818469179098740e+00
8.650000000000000355e+00 1.751779725356982453e+00
8.660000000000000142e+00 1.484101381701204314e+00
8.669999999999999929e+00 1.279474130566168100e+00
8.679999999999999716e+00 8.197365928103239607e-01
8.689999999999999503e+00 2.794124112888574096e-02
8.699999999999999289e+00 -7.284001917388858161e-01
8.710000000000000853e+00 -1.333356892729054666e+00
8.720000000000000639e+00 -1.681299683957723445e+00
8.730000000000000426e+00 -1.921242152961878613e+00
8.740000000000000213e+00 -2.134407181784212959e+00
8.750000000000000000e+00 -2.122297073153995850e+00
8.759999999999999787e+00 -1.958009358302039038e+00
8.769999999999999574e+00 -1.621148297160896146e+00
8.779999999999999361e+00 -9.965653274889149094e-01
8.789999999999999147e+00 -1.218570631730784282e-01
8.800000000000000711e+00 8.167689252242440467e-01
8.810000000000000497e+00 1.673070933242848835e+00
8.820000000000000284e+00 2.322380277099107548e+00
8.830000000000000071e+00 2.661554539736661784e+00
8.839999999999999858e+00 2.469873456523889566e+00
8.849999999999999645e+00 2.055979550286714641e+00
8.859999999999999432e+00 1.497916769305181361e+00
8.869999999999999218e+00 4.935047991692338432e-01
8.880000000000000782e+00 -5.538164674354688621e-01
8.890000000000000568e+00 -1.234287336780895750e+00
8.900000000000000355e+00 -1.558408887129222986e+00
8.910000000000000142e+00 -1.619546270445026970e+00
8.919999999999999929e+00 -1.590401165647536086e+00
8.929999999999999716e+00 -1.644659611020875989e+00
8.939999999999999503e+00 -1.615091082504161779e+00
8.949999999999999289e+00 -1.453212746551146850e+00
8.960000000000000853e+00 -1.162986352619947539e+00
8.970000000000000639e+00 -5.569450878629381707e-01
8.980000000000000426e+00 7.642341629681659310e-02
8.990000000000000213e+00 6.473050607327701655e-01
9.000000000000000000e+00 1.252193481993471691e+00
9.009999999999999787e+00 1.962043504578366626e+00
9.019999999999999574e+00 2.567663261320449308e+00
9.029999999999999361e+00 2.734205461370124990e+00
9.039999999999999147e+00 2.510962546388850747e+00
9.050000000000000711e+00 2.040078887431403309e+00
9.060000000000000497e+00 1.191507633719035786e+00
9.070000000000000284e+00 2.900722569077429647e-01
9.080000000000000071e+00 -4.475840367473158388e-01
9.089999999999999858e+00 -1.140621002817718832e+00
9.099999999999999645e+00 -1.755344208005105600e+00
9.109999999999999432e+00 -2.163441857326263484e+00
9.119999999999999218e+00 -2.288458437583829053e+00
9.130000000000000782e+00 -2.162841236913401133e+00
9.140000000000000568e+00 -2.059626004784973041e+00
9.150000000000000355e+00 -1.685761241548553224e+00
9.160000000000000142e+00 -1.002190456240116934e+00
9.169999999999999929e+00 -3.600115156678420636e-01
9.179999999999999716e+00 1.466714946935665509e-01
9.189999999999999503e+00 7.354978343777442973e-01
9.199999999999999289e+00 1.259271269725640741e+00
9.210000000000000853e+00 1.629771791867335562e+00
9.220000000000000639e+00 2.031429008851047602e+00
9.230000000000000426e+00 2.392562589828105768e+00
9.240000000000000213e+00 2.423054011972684663e+00
9.250000000000000000e+00 1.859731121076096727e+00
9.259999999999999787e+00 9.589529933226206282e-01
9.269999999999999574e+00 -6.054337634024964387e-03
9.279999999999999361e+00 -7.845207731794623385e-01
9.289999999999999147e+00 -1.346621871555765182e+00
9.300000000000000711e+00 -1.533972225755050545e+00
9.310000000000000497e+00 -1.492807957166355948e+00
9.320000000000000284e+00 -1.449545987276199099e+00
9.330000000000000071e+00 -1.226178852376921924e+00
9.339999999999999858e+00 -8.986107401157124031e-01
9.349999999999999645e+00 -5.903263193453334168e-01
9.359999999999999432e+00 -3.472489821520499120e-01
9.369999999999999218e+00 -1.307791330689602738e-01
9.380000000000000782e+00 1.305427524121842708e-01
9.390000000000000568e+00 4.080526112051021670e-01
9.400000000000000355e+00 7.191645939949289357e-01
9.410000000000000142e+00 9.774488229585536203e-01
9.419999999999999929e+00 1.146991801006286948e+00
9.429999999999999716e+00 1.127401786619264712e+00
9.439999999999999503e+00 1.042271502644993575e+00
9.449999999999999289e+00 8.883812355316669240e-01
9.460000000000000853e+00 6.396953069971704764e-01
9.470000000000000639e+00 2.826450033480936153e-01
9.480000000000000426e+00 -3.444153041529824932e-01
9.490000000000000213e+00 -1.051793543586942548e+00
9.500000000000000000e+00 -1.585940722184579599e+00
9.509999999999999787e+00 -1.950261193174835483e+00
9.519999999999999574e+00 -1.988470016796311635e+00
9.529999999999999361e+00 -1.434851787937784451e+00
9.539999999999999147e+00 -5.722491524644599536e-01
9.550000000000000711e+00 2.137236832164006728e-01
9.560000000000000497e+00 7.500557097612920998e-01
9.570000000000000284e+00 1.033703808494310650e+00
9.580000000000000071e+00 1.196573687684420850e+00
9.589999999999999858e+00 1.193047356637785050e+00
9.599999999999999645e+00 1.140472863427616446e+00
9.609999999999999432e+00 9.793835030317962209e-01
9.619999999999999218e+00 7.212515876252698632e-01
9.630000000000000782e+00 5.367089342001190033e-01
9.640000000000000568e+00 3.792672187459302791e-01
9.650000000000000355e+00 1.912516134870072548e-01
9.660000000000000142e+00 -6.306263299206849027e-02
9.669999999999999929e+00 -3.380719334600486015e-01
9.679999999999999716e+00 -7.657567981099386856e-01
9.689999999999999503e+00 -1.170692539329400539e+00
9.699999999999999289e+00 -1.446586103105987675e+00
9.710000000000000853e+00 -1.743253553017665602e+00
9.720000000000000639e+00 -1.726235846871330359e+00
9.730000000000000426e+00 -1.395457259070608913e+00
9.740000000000000213e+00 -9.208666528406670437e-01
9.750000000000000000e+00 -2.163313704385325664e-01
9.759999999999999787e+00 5.648262034352264926e-01
9.769999999999999574e+00 1.212004997588142841e+00
9.779999999999999361e+00 1.757463468670092954e+00
9.789999999999999147e+00 2.028244901405175327e+00
9.800000000000000711e+00 1.861876039672356598e+00
9.810000000000000497e+00 1.512683653443648524e+00
9.820000000000000284e+00 1.062960985083966747e+00
9.830000000000000071e+00 5.007579066486780306e-01
9.839999999999999858e+00 -1.593645061083739378e-01
9.849999999999999645e+00 -7.028345657045771411e-01
9.859999999999999432e+00 -1.091467114906971680e+00
9.869999999999999218e+00 -1.366956518603191562e+00
9.880000000000000782e+00 -1.438479454282842518e+00
9.890000000000000568e+00 -1.311030542947563493e+00
9.900000000000000355e+00 -1.071050400040432393e+00
9.910000000000000142e+00 -8.527876659001520920e-01
9.919999999999999929e+00 -6.359333191813574260e-01
9.929999999999999716e+00 -2.827018225901398729e-01
9.939999999999999503e+00 1.562304047899907289e-01
9.949999999999999289e+00 8.075144910280029897e-01
9.960000000000000853e+00 1.566797861524951818e+00
9.970000000000000639e+00 2.066350038522013044e+00
9.980000000000000426e+00 2.230874233508867377e+00
9.990000000000000213e+00 2.208449646823531953e+00
1.000000000000000000e+01 2.678199853787745166e+00
