# Zeit [s]	Kraft [N]
0.000000000000000000e+00 -0.000000000000000000e+00
1.000000000000000021e-02 1.379403716054354015e-03
2.000000000000000042e-02 4.508733412871085422e-02
2.999999999999999889e-02 6.299816028320488759e-02
4.000000000000000083e-02 -1.776388641891937445e-02
5.000000000000000278e-02 -4.033338828489042155e-03
5.999999999999999778e-02 7.695499825663033866e-02
7.000000000000000666e-02 1.212761039912645389e-01
8.000000000000000167e-02 4.205639287779557867e-01
8.999999999999999667e-02 -1.802194494614854092e-01
1.000000000000000056e-01 -4.379953608601438314e-02
1.100000000000000006e-01 2.817874723980575702e-01
1.199999999999999956e-01 -2.022326846105272913e-01
1.300000000000000044e-01 -5.103438128442888688e-01
1.400000000000000133e-01 8.916096856926482295e-02
1.499999999999999944e-01 3.162375298532881657e-02
1.600000000000000033e-01 -7.949564401889253062e-02
1.700000000000000122e-01 3.794321034718967089e-01
1.799999999999999933e-01 1.864358923759500131e-02
1.900000000000000022e-01 9.896752011751570877e-02
2.000000000000000111e-01 1.552039037333008686e-01
2.099999999999999922e-01 1.301411574153488182e-01
2.200000000000000011e-01 -2.243891049802845816e-01
2.300000000000000100e-01 -5.001914289441363737e-01
2.399999999999999911e-01 1.836694341177173562e-01
2.500000000000000000e-01 3.210013510909522916e-01
2.600000000000000089e-01 1.298007722083556748e-01
2.700000000000000178e-01 8.344242039102760522e-01
2.800000000000000266e-01 2.125404666559685407e-01
2.899999999999999800e-01 2.186405108813069820e-01
2.999999999999999889e-01 -6.027156431981619406e-03
3.099999999999999978e-01 -8.994830047772943427e-02
3.200000000000000067e-01 2.126918434703316541e-01
3.300000000000000155e-01 -2.438317407986590191e-01
3.400000000000000244e-01 -2.090893635792153427e-01
3.500000000000000333e-01 -5.817049565448918942e-03
3.599999999999999867e-01 -3.531569563718449101e-01
3.699999999999999956e-01 5.482948990278870838e-01
3.800000000000000044e-01 -3.447108822635440717e-01
3.900000000000000133e-01 -4.105878001428960034e-02
4.000000000000000222e-01 -4.411056872690188174e-02
4.100000000000000311e-01 -5.788841440708175634e-01
4.199999999999999845e-01 -1.736891118074709861e-01
4.299999999999999933e-01 2.525350806647989055e-01
4.400000000000000022e-01 3.845293979529704198e-01
4.500000000000000111e-01 5.474265388736681004e-01
4.600000000000000200e-01 8.289033164549253208e-02
4.700000000000000289e-01 6.994475106030820233e-02
4.799999999999999822e-01 2.090880295608192052e-01
4.899999999999999911e-01 -1.357608575885986546e-01
5.000000000000000000e-01 -6.345219125825204420e-01
5.100000000000000089e-01 -9.173377504686552886e-02
5.200000000000000178e-01 4.839005726680670194e-02
5.300000000000000266e-01 4.387872848537677228e-01
5.400000000000000355e-01 -7.298361998071274670e-02
5.500000000000000444e-01 2.824426613752084037e-01
5.600000000000000533e-01 -1.452843399313775152e-01
5.700000000000000622e-01 1.510391665269470163e-01
5.799999999999999600e-01 2.015532265777345844e-01
5.899999999999999689e-01 2.603354376361087519e-02
5.999999999999999778e-01 -2.485689108285114302e-01
6.099999999999999867e-01 -6.153426737973802935e-02
6.199999999999999956e-01 3.727820742441317337e-01
6.300000000000000044e-01 4.377105754064297694e-01
6.400000000000000133e-01 -1.289773696287918325e-01
6.500000000000000222e-01 -6.575425356967978807e-02
6.600000000000000311e-01 -3.810312177544341594e-01
6.700000000000000400e-01 -2.685053359178319887e-01
6.800000000000000488e-01 2.595173349559253273e-01
6.900000000000000577e-01 -6.014862454908036921e-02
7.000000000000000666e-01 9.807609251875702705e-02
7.099999999999999645e-01 -2.714686729478112820e-02
7.199999999999999734e-01 1.774886793987581479e-01
7.299999999999999822e-01 5.872528240742047601e-01
7.399999999999999911e-01 6.249734317016648610e-01
7.500000000000000000e-01 1.000000000000000000e+00
7.600000000000000089e-01 2.542554371754988107e-01
7.700000000000000178e-01 8.281537757173598746e-02
7.800000000000000266e-01 -2.832182553533287277e-03
7.900000000000000355e-01 2.934582554471763527e-01
8.000000000000000444e-01 -1.314556886073189323e-01
8.100000000000000533e-01 -1.262847242075478271e-01
8.200000000000000622e-01 -3.300126042004443150e-01
8.300000000000000711e-01 -4.359310170081346913e-01
8.399999999999999689e-01 3.495705544116820551e-01
8.499999999999999778e-01 3.859470334687275517e-01
8.599999999999999867e-01 -1.598955019189275406e-01
8.699999999999999956e-01 -2.649051781289625263e-01
8.800000000000000044e-01 -1.057090965207536093e-01
8.900000000000000133e-01 2.929073563063972485e-01
9.000000000000000222e-01 -3.412360726106465347e-01
9.100000000000000311e-01 -9.421783848144103801e-02
9.200000000000000400e-01 -2.805044594829030347e-01
9.300000000000000488e-01 -1.848035286477120800e-02
9.400000000000000577e-01 1.265405244612808344e-01
9.500000000000000666e-01 2.453853755552148630e-01
9.599999999999999645e-01 3.981222043769700458e-01
9.699999999999999734e-01 3.073977634679120885e-01
9.799999999999999822e-01 -4.356305657223948913e-01
9.899999999999999911e-01 -2.314325655408442650e-01
1.000000000000000000e+00 1.367229823728055398e-02
1.010000000000000009e+00 1.330873698053942067e-01
1.020000000000000018e+00 1.966433353031998565e-01
1.030000000000000027e+00 -1.765907674087868195e-01
1.040000000000000036e+00 -1.216555349373131673e-01
1.050000000000000044e+00 3.563898810750743690e-02
1.060000000000000053e+00 -1.086910409086432397e-02
1.070000000000000062e+00 -1.408654458034552526e-01
1.080000000000000071e+00 1.564551995807175466e-01
1.090000000000000080e+00 -2.382944331705654228e-01
1.100000000000000089e+00 -1.518653006252623228e-01
1.110000000000000098e+00 -2.306137358877368149e-01
1.120000000000000107e+00 -2.593196955925051173e-01
1.130000000000000115e+00 -7.048552305089219594e-01
1.140000000000000124e+00 -4.869860665481531847e-01
1.150000000000000133e+00 -8.424765936996057858e-02
1.159999999999999920e+00 -3.910362710966225688e-03
1.169999999999999929e+00 2.653205770614984749e-01
1.179999999999999938e+00 6.198233477832659766e-02
1.189999999999999947e+00 -3.220429869080587704e-02
1.199999999999999956e+00 2.045246325518027541e-01
1.209999999999999964e+00 3.727088736515949408e-01
1.219999999999999973e+00 3.825534057434627488e-01
1.229999999999999982e+00 -4.124095738947438639e-01
1.239999999999999991e+00 -4.875732007520211519e-01
1.250000000000000000e+00 -5.760320421243555478e-01
1.260000000000000009e+00 -5.647797624463382071e-01
1.270000000000000018e+00 1.454638917701130407e-01
1.280000000000000027e+00 -1.393524249729590214e-01
1.290000000000000036e+00 2.000160824744489363e-01
1.300000000000000044e+00 2.544452376664322335e-01
1.310000000000000053e+00 -3.105097365839981291e-02
1.320000000000000062e+00 1.473538585178483518e-01
1.330000000000000071e+00 -2.684525363098808626e-01
1.340000000000000080e+00 -2.475307034661585193e-01
1.350000000000000089e+00 2.745337141946669127e-02
1.360000000000000098e+00 5.334459643828409064e-02
1.370000000000000107e+00 2.248320525220325883e-01
1.380000000000000115e+00 2.423588109385875211e-01
1.390000000000000124e+00 -1.552383072243668782e-01
1.400000000000000133e+00 3.898086204511335556e-02
1.409999999999999920e+00 1.131416003609085896e-01
1.419999999999999929e+00 6.948223011971059737e-01
1.429999999999999938e+00 3.902427676633343778e-01
1.439999999999999947e+00 -1.464229496600216729e-01
1.449999999999999956e+00 -1.208006921672324652e-01
1.459999999999999964e+00 -1.064974674591489534e-01
1.469999999999999973e+00 3.347362193553047871e-01
1.479999999999999982e+00 3.242946567456342910e-01
1.489999999999999991e+00 -3.848809256571715243e-01
1.500000000000000000e+00 -5.609670266612002409e-01
1.510000000000000009e+00 -1.170722475877625651e-01
1.520000000000000018e+00 -7.257429775696953855e-02
1.530000000000000027e+00 2.069628593248464821e-01
1.540000000000000036e+00 1.754666495079112709e-01
1.550000000000000044e+00 -5.540762638434688220e-02
1.560000000000000053e+00 8.059589922258474093e-02
1.570000000000000062e+00 1.927775990866797962e-01
1.580000000000000071e+00 -1.295223168802450420e-01
1.590000000000000080e+00 3.704660753543184137e-01
1.600000000000000089e+00 6.436129674187947014e-01
1.610000000000000098e+00 -3.140584944370494735e-01
1.620000000000000107e+00 -8.244111365852570261e-02
1.630000000000000115e+00 -9.789735201098920259e-02
1.640000000000000124e+00 3.646473636211105401e-02
1.650000000000000133e+00 1.561381087023106795e-01
1.660000000000000142e+00 -1.297510851844025093e-01
1.669999999999999929e+00 -4.319411248627357258e-01
1.679999999999999938e+00 -1.886611404231560984e-01
1.689999999999999947e+00 8.603258027701199406e-02
1.699999999999999956e+00 5.791454594465935690e-01
1.709999999999999964e+00 1.596772444292354487e-01
1.719999999999999973e+00 -6.001123888333964596e-01
1.729999999999999982e+00 1.071126603107994124e-01
1.739999999999999991e+00 7.061166631988297082e-01
1.750000000000000000e+00 -3.716756513900747183e-02
1.760000000000000009e+00 -4.852468936788212894e-01
1.770000000000000018e+00 -3.112683209148717767e-01
1.780000000000000027e+00 1.251628189763490939e-01
1.790000000000000036e+00 2.246471527612159957e-01
1.800000000000000044e+00 -4.583095831914327234e-02
1.810000000000000053e+00 4.065194984319498994e-01
1.820000000000000062e+00 1.688849769932180001e-01
1.830000000000000071e+00 2.710746740126028231e-01
1.840000000000000080e+00 -1.504466459718337978e-01
1.850000000000000089e+00 -2.366106458794112466e-01
1.860000000000000098e+00 -6.593240454512586113e-02
1.870000000000000107e+00 2.455922826653284818e-01
1.880000000000000115e+00 5.601758549570260426e-01
1.890000000000000124e+00 4.555433264523195969e-01
1.900000000000000133e+00 3.985844231928858949e-01
1.910000000000000142e+00 1.504494465316974228e-01
1.919999999999999929e+00 9.596603530497163637e-02
1.929999999999999938e+00 -1.799051718180334491e-01
1.939999999999999947e+00 7.203428050828353246e-02
1.949999999999999956e+00 2.744517187981211914e-01
1.959999999999999964e+00 3.434912152696316112e-01
1.969999999999999973e+00 -4.286873803085712864e-01
1.979999999999999982e+00 -1.130868475641016307e-01
1.989999999999999991e+00 2.337161215975669948e-01
2.000000000000000000e+00 3.108506074761017979e-02
2.010000000000000231e+00 -3.551359621088646945e-02
2.020000000000000018e+00 6.910301468709602324e-02
2.030000000000000249e+00 -4.530445389705634596e-01
2.040000000000000036e+00 2.326764602139279603e-01
2.049999999999999822e+00 1.720963858080644046e-02
2.060000000000000053e+00 3.350807608970800544e-01
2.069999999999999840e+00 -5.633607302240323939e-02
2.080000000000000071e+00 4.402775125758450758e-01
2.089999999999999858e+00 7.387821002259575831e-01
2.100000000000000089e+00 6.310866803926881152e-01
2.109999999999999876e+00 4.075022237529395963e-01
2.120000000000000107e+00 -1.705925425451020327e-01
2.129999999999999893e+00 3.550955314781496508e-01
2.140000000000000124e+00 2.085072841225497076e-01
2.149999999999999911e+00 3.110348016861082532e-01
2.160000000000000142e+00 3.297089789511779834e-02
2.169999999999999929e+00 3.044429803937000467e-01
2.180000000000000160e+00 1.385171111560248303e-01
2.189999999999999947e+00 1.640021432668187507e-01
2.200000000000000178e+00 1.282123741894093949e-01
2.209999999999999964e+00 3.090741081505773979e-02
2.220000000000000195e+00 -2.949967608050111934e-01
2.229999999999999982e+00 -4.689926473867630508e-01
2.240000000000000213e+00 -3.468118455014897461e-01
2.250000000000000000e+00 -8.214793189678638585e-01
2.260000000000000231e+00 -2.461216091910452264e-01
2.270000000000000018e+00 1.732086291262511513e-01
2.280000000000000249e+00 -2.146251669296783127e-01
2.290000000000000036e+00 -3.665617419932183929e-01
2.300000000000000266e+00 -1.830829187998626040e-01
2.310000000000000053e+00 -9.604846097166349836e-03
2.319999999999999840e+00 -4.742455118381370266e-02
2.330000000000000071e+00 -7.226771476429892649e-02
2.339999999999999858e+00 -3.350546919428311066e-01
2.350000000000000089e+00 1.426559713881992708e-01
2.359999999999999876e+00 3.332898408851726058e-01
2.370000000000000107e+00 -1.314388014867565457e-01
2.379999999999999893e+00 -1.379731742560663388e-01
2.390000000000000124e+00 -5.961552361340424211e-01
2.399999999999999911e+00 -6.937066498389792280e-01
2.410000000000000142e+00 -1.000390127259106754e-01
2.419999999999999929e+00 -5.970020040649030024e-01
2.430000000000000160e+00 -1.364395418631485501e-01
2.439999999999999947e+00 3.678975817684208560e-01
2.450000000000000178e+00 5.629645216735124080e-01
2.459999999999999964e+00 1.616880471917790663e-01
2.470000000000000195e+00 1.525186174123150384e-01
2.479999999999999982e+00 4.107058943459767075e-01
2.490000000000000213e+00 -1.442938551139207604e-01
2.500000000000000000e+00 -2.873280800910663624e-01
2.510000000000000231e+00 1.813604312251959616e-01
2.520000000000000018e+00 5.883963594666654327e-03
2.530000000000000249e+00 4.267019377711731010e-01
2.540000000000000036e+00 4.075049262498569580e-01
2.550000000000000266e+00 1.896334035270957896e-01
2.560000000000000053e+00 -2.039937868775780483e-01
2.569999999999999840e+00 -1.896528582322707934e-01
2.580000000000000071e+00 1.444835492968666590e-01
2.589999999999999858e+00 -5.646629249868658634e-02
2.600000000000000089e+00 -2.022719442379098398e-01
2.609999999999999876e+00 4.458915873749998426e-01
2.620000000000000107e+00 -5.365296452493047985e-01
2.629999999999999893e+00 -4.840915277385286486e-01
2.640000000000000124e+00 5.879837656428469478e-02
2.649999999999999911e+00 3.408402342320725198e-02
2.660000000000000142e+00 -8.716684982876488075e-02
2.669999999999999929e+00 4.514657183811320862e-01
2.680000000000000160e+00 3.378998463570680455e-01
2.689999999999999947e+00 7.233309203277582533e-02
2.700000000000000178e+00 3.570728798571272677e-01
2.709999999999999964e+00 4.157890775633713565e-01
2.720000000000000195e+00 1.975891827093934627e-01
2.729999999999999982e+00 2.861371427941368228e-01
2.740000000000000213e+00 3.939049942860040066e-01
2.750000000000000000e+00 4.066361636758260012e-01
2.760000000000000231e+00 1.116652123301304644e-01
2.770000000000000018e+00 8.474487368516607499e-02
2.780000000000000249e+00 1.765871232437397353e-01
2.790000000000000036e+00 2.667818126618385355e-01
2.800000000000000266e+00 -2.976071711289574040e-01
2.810000000000000053e+00 -1.032720611967878899e-01
2.819999999999999840e+00 2.037993454044532415e-01
2.830000000000000071e+00 1.095510392853961401e-01
2.839999999999999858e+00 -1.407083302547131598e-01
2.850000000000000089e+00 -2.839294481182070284e-01
2.859999999999999876e+00 -5.213048748480555439e-01
2.870000000000000107e+00 -3.283268468532156148e-01
2.879999999999999893e+00 -8.133179584808568688e-03
2.890000000000000124e+00 2.653079138964841710e-01
2.899999999999999911e+00 -1.979128731654455631e-01
2.910000000000000142e+00 -1.589905577387311919e-01
2.919999999999999929e+00 -3.162629237616505495e-01
2.930000000000000160e+00 -7.001189140113595055e-01
2.939999999999999947e+00 -1.813088890990903479e-01
2.950000000000000178e+00 -2.567762350989799547e-01
2.959999999999999964e+00 -1.123190625450888602e-01
2.970000000000000195e+00 -3.579578634709033036e-01
2.979999999999999982e+00 -5.310835993128548704e-01
2.990000000000000213e+00 3.284508035830584899e-02
3.000000000000000000e+00 3.121486166884869240e-01
3.010000000000000231e+00 -1.468843282662600502e-01
3.020000000000000018e+00 1.686174763378105179e-01
3.030000000000000249e+00 -2.513984290966110868e-01
3.040000000000000036e+00 -1.840923994316026879e-01
3.050000000000000266e+00 -5.922519044107597136e-02
3.060000000000000053e+00 4.296555018650758395e-01
3.070000000000000284e+00 -1.582144522743069159e-01
3.080000000000000071e+00 -9.085947944660515210e-03
3.089999999999999858e+00 -6.258991166719909960e-02
3.100000000000000089e+00 -2.842886806306537534e-02
3.109999999999999876e+00 3.215349376758602773e-01
3.120000000000000107e+00 -4.927948946883709547e-01
3.129999999999999893e+00 -3.228529909473449311e-01
3.140000000000000124e+00 2.649213332593695625e-01
3.149999999999999911e+00 3.417052108243299330e-02
3.160000000000000142e+00 8.540765921809448380e-02
3.169999999999999929e+00 -2.255022041718535986e-01
3.180000000000000160e+00 1.859649394436601044e-01
3.189999999999999947e+00 -9.749179317880950213e-02
3.200000000000000178e+00 -4.494607900351422353e-02
3.209999999999999964e+00 2.618992662312344746e-02
3.220000000000000195e+00 2.097716629549986056e-01
3.229999999999999982e+00 9.244828054125817096e-02
3.240000000000000213e+00 -3.461101360538793581e-01
3.250000000000000000e+00 4.226655598704254224e-01
3.260000000000000231e+00 4.093692532384465288e-01
3.270000000000000018e+00 3.580034839412706837e-01
3.280000000000000249e+00 3.416762961366209272e-01
3.290000000000000036e+00 4.901059936546238727e-01
3.300000000000000266e+00 -2.737900309113565078e-01
3.310000000000000053e+00 -3.872997446630512264e-01
3.320000000000000284e+00 1.686917689291052014e-01
3.330000000000000071e+00 -1.179912003374718049e-01
3.339999999999999858e+00 3.293543312714725668e-01
3.350000000000000089e+00 4.616422032819478827e-01
3.359999999999999876e+00 3.467358342083282779e-02
3.370000000000000107e+00 2.645282120898589384e-01
3.379999999999999893e+00 2.825336190593292218e-01
3.390000000000000124e+00 2.780149427807160900e-01
3.399999999999999911e+00 2.070832538630102554e-02
3.410000000000000142e+00 2.004847023733659361e-01
3.419999999999999929e+00 2.894598300999517426e-01
3.430000000000000160e+00 2.407488271292227144e-01
3.439999999999999947e+00 -1.509824443744289535e-01
3.450000000000000178e+00 -7.800728402140033602e-02
3.459999999999999964e+00 -8.272303946122242999e-03
3.470000000000000195e+00 7.479054731777021181e-02
3.479999999999999982e+00 1.864400156846456880e-01
3.490000000000000213e+00 -5.015271125408155006e-01
3.500000000000000000e+00 -6.851572660611657262e-02
3.510000000000000231e+00 1.719012957439373657e-01
3.520000000000000018e+00 1.499671818398458367e-01
3.530000000000000249e+00 6.889451699652939798e-01
3.540000000000000036e+00 -2.178584333950303320e-01
3.550000000000000266e+00 -5.390543621040812250e-02
3.560000000000000053e+00 -4.203998040625753913e-02
3.570000000000000284e+00 6.155129252332548762e-02
3.580000000000000071e+00 -2.230284117723237147e-01
3.589999999999999858e+00 -1.765571407712069885e-01
3.600000000000000089e+00 -1.191204588113811830e-01
3.609999999999999876e+00 -4.054093189406407505e-01
3.620000000000000107e+00 -4.120635678151594039e-01
3.629999999999999893e+00 -9.405418889191462239e-03
3.640000000000000124e+00 -1.912260680988090156e-01
3.649999999999999911e+00 -2.372206326379223962e-01
3.660000000000000142e+00 -9.023498582024377934e-03
3.669999999999999929e+00 -6.608818641626411361e-02
3.680000000000000160e+00 -2.316732083346386140e-01
3.689999999999999947e+00 -4.975515165887091085e-01
3.700000000000000178e+00 -4.812369199789601759e-01
3.709999999999999964e+00 -4.129426148725282714e-02
3.720000000000000195e+00 -2.952564618560871712e-01
3.729999999999999982e+00 2.289177179042724553e-01
3.740000000000000213e+00 1.428407757074184325e-01
3.750000000000000000e+00 2.174628766095839383e-01
3.760000000000000231e+00 -1.471652663135532557e-01
3.770000000000000018e+00 -1.205098370956961124e-01
3.780000000000000249e+00 -2.929443573991009631e-01
3.790000000000000036e+00 -4.749655759864608306e-01
3.800000000000000266e+00 -1.129987874060915665e-01
3.810000000000000053e+00 1.418138146461219162e-01
3.820000000000000284e+00 -1.799376373380991712e-01
3.830000000000000071e+00 1.761626889926811712e-01
3.839999999999999858e+00 -3.390197086386604330e-01
3.850000000000000089e+00 -1.706949206609419678e-01
3.859999999999999876e+00 -1.646627127856380851e-02
3.870000000000000107e+00 8.161445365977166855e-01
3.879999999999999893e+00 3.256661036036528900e-01
3.890000000000000124e+00 2.208738813371771970e-01
3.899999999999999911e+00 -5.542978196753758913e-02
3.910000000000000142e+00 -1.423496005490149929e-01
3.919999999999999929e+00 -4.996647001530489240e-01
3.930000000000000160e+00 -1.980855275435108309e-01
3.939999999999999947e+00 -2.278206374241233956e-01
3.950000000000000178e+00 -1.088052092580113483e-01
3.959999999999999964e+00 5.759932351349739826e-02
3.970000000000000195e+00 -8.389311620904192635e-02
3.979999999999999982e+00 -1.009344639614140476e-01
3.990000000000000213e+00 -3.373635787093314797e-01
4.000000000000000000e+00 1.812885474870614411e-01
4.009999999999999787e+00 4.035913381086204677e-01
4.020000000000000462e+00 2.721993789860004953e-01
4.030000000000000249e+00 6.986343487534822927e-01
4.040000000000000036e+00 3.453852779715638199e-01
4.049999999999999822e+00 3.044225021056231051e-01
4.060000000000000497e+00 -1.884052806690402204e-01
4.070000000000000284e+00 -1.238895476109301702e-01
4.080000000000000071e+00 3.516187281201610393e-01
4.089999999999999858e+00 6.352473154803622846e-01
4.099999999999999645e+00 1.049021137285393035e-01
4.110000000000000320e+00 -1.865474499356994248e-02
4.120000000000000107e+00 1.970356332287292733e-01
4.129999999999999893e+00 -3.388653492305707671e-01
4.139999999999999680e+00 -8.700965802841321706e-01
4.150000000000000355e+00 -2.600416034827819356e-01
4.160000000000000142e+00 -9.022154924001155596e-01
4.169999999999999929e+00 -2.342396385070813769e-01
4.179999999999999716e+00 -1.910648764855168991e-01
4.190000000000000391e+00 -1.465303117250421616e-01
4.200000000000000178e+00 1.632109307024198208e-01
4.209999999999999964e+00 4.464214869977081168e-01
4.219999999999999751e+00 -1.223788580458613079e-01
4.230000000000000426e+00 6.075790051984546192e-02
4.240000000000000213e+00 2.778729375257156242e-01
4.250000000000000000e+00 4.730520627240196729e-01
4.259999999999999787e+00 1.753439054332630032e-01
4.270000000000000462e+00 -2.104549040222251366e-01
4.280000000000000249e+00 -5.667942136824865029e-01
4.290000000000000036e+00 -1.713137744358318171e-01
4.299999999999999822e+00 2.358230705079992495e-01
4.310000000000000497e+00 -6.310225980157180281e-01
4.320000000000000284e+00 -3.601710247157536848e-01
4.330000000000000071e+00 1.785103092218736365e-01
4.339999999999999858e+00 -2.410494660855905594e-03
4.350000000000000533e+00 5.103112543818304481e-01
4.360000000000000320e+00 1.927745233184079976e-01
4.370000000000000107e+00 3.775400009040651428e-01
4.379999999999999893e+00 -8.490651175453406418e-02
4.389999999999999680e+00 -2.110037548419923803e-01
4.400000000000000355e+00 -2.507351682031847551e-01
4.410000000000000142e+00 -4.849998768530070503e-01
4.419999999999999929e+00 3.166733211029499895e-01
4.429999999999999716e+00 2.876751796646236092e-02
4.440000000000000391e+00 8.605986856932534845e-02
4.450000000000000178e+00 -3.046625042209191725e-03
4.459999999999999964e+00 7.404458307319006227e-02
4.469999999999999751e+00 3.441876670026510765e-01
4.480000000000000426e+00 -2.281911211205797929e-01
4.490000000000000213e+00 -4.823444261986079562e-01
4.500000000000000000e+00 -1.708420175381204775e-01
4.509999999999999787e+00 -1.048478651398352668e-01
4.520000000000000462e+00 2.680865349321357588e-02
4.530000000000000249e+00 -1.505760524484762441e-01
4.540000000000000036e+00 -2.563857651380666014e-01
4.549999999999999822e+00 -1.300089678015217409e-01
4.560000000000000497e+00 -2.647040471713803939e-02
4.570000000000000284e+00 3.211859389368206807e-01
4.580000000000000071e+00 1.888815612266681321e-01
4.589999999999999858e+00 8.863948715934789890e-02
4.600000000000000533e+00 5.835311085664997011e-01
4.610000000000000320e+00 6.168173088938967430e-01
4.620000000000000107e+00 2.690823062762566220e-01
4.629999999999999893e+00 2.650676411387885567e-01
4.639999999999999680e+00 -7.882882844857815041e-02
4.650000000000000355e+00 3.397014957495438914e-01
4.660000000000000142e+00 6.197770292864335923e-02
4.669999999999999929e+00 1.686447589575324757e-01
4.679999999999999716e+00 -1.028204270160273243e-01
4.690000000000000391e+00 1.702940621588005798e-01
4.700000000000000178e+00 -8.449571478516740286e-02
4.709999999999999964e+00 4.829787239001382543e-02
4.719999999999999751e+00 2.033299323089932109e-01
4.730000000000000426e+00 -2.202912727935579240e-01
4.740000000000000213e+00 4.400414155986763221e-01
4.750000000000000000e+00 -1.588032280483610281e-01
4.759999999999999787e+00 7.451964160220676814e-02
4.770000000000000462e+00 2.292167522490693929e-02
4.780000000000000249e+00 -2.076229835629765375e-01
4.790000000000000036e+00 2.905205563699974139e-02
4.799999999999999822e+00 2.438701512442979502e-01
4.810000000000000497e+00 2.221377041929973872e-01
4.820000000000000284e+00 -3.278140060944241818e-01
4.830000000000000071e+00 -2.552542094828559316e-01
4.839999999999999858e+00 1.405101516215664925e-01
4.850000000000000533e+00 -8.599865315036128721e-02
4.860000000000000320e+00 2.695047374844926069e-01
4.870000000000000107e+00 7.615155456718114557e-02
4.879999999999999893e+00 -7.589002330219800641e-01
4.889999999999999680e+00 9.614648317141014089e-02
4.900000000000000355e+00 5.738498680921846340e-01
4.910000000000000142e+00 6.935232985330788136e-01
4.919999999999999929e+00 1.569965054991255549e-01
4.929999999999999716e+00 -8.142768912754645705e-02
4.940000000000000391e+00 -2.990372979053620983e-01
4.950000000000000178e+00 -2.768333695367811154e-01
4.959999999999999964e+00 -5.584768010345153577e-01
4.969999999999999751e+00 2.482510397266216862e-01
4.980000000000000426e+00 -9.067386196018292766e-02
4.990000000000000213e+00 1.853428002344323089e-01
5.000000000000000000e+00 -5.006184024876969736e-03
5.009999999999999787e+00 -1.855829506915166738e-01
5.020000000000000462e+00 -1.755549806858677231e-01
5.030000000000000249e+00 -2.629637211580444778e-02
5.040000000000000036e+00 1.405175059016662842e-01
5.049999999999999822e+00 3.531615584001335795e-01
5.060000000000000497e+00 1.940469233220532275e-01
5.070000000000000284e+00 -2.522052950080855283e-01
5.080000000000000071e+00 -2.217999018243748399e-01
5.089999999999999858e+00 7.035287080759326794e-02
5.100000000000000533e+00 1.452117090653594622e-01
5.110000000000000320e+00 1.057333239926277341e-02
5.120000000000000107e+00 -5.450598519188623592e-02
5.129999999999999893e+00 -1.190650469632039202e-02
5.139999999999999680e+00 4.187808972887499537e-01
5.150000000000000355e+00 -1.711501044875737287e-01
5.160000000000000142e+00 1.278694909479839992e-01
5.169999999999999929e+00 7.294881188168228503e-02
5.179999999999999716e+00 3.130286927317169066e-01
5.190000000000000391e+00 -8.226630690294621517e-02
5.200000000000000178e+00 1.781699969014534091e-01
5.209999999999999964e+00 5.344056255241863562e-01
5.219999999999999751e+00 4.015498470313419443e-02
5.230000000000000426e+00 -1.210890342276526449e-01
5.240000000000000213e+00 -4.435625920779764919e-02
5.250000000000000000e+00 -1.642810371717777218e-01
5.259999999999999787e+00 2.459638135294281436e-01
5.270000000000000462e+00 2.109645730372497197e-01
5.280000000000000249e+00 -8.983286166689830043e-02
5.290000000000000036e+00 -2.577948904223741899e-01
5.299999999999999822e+00 -2.052772994191501277e-02
5.310000000000000497e+00 -4.670358606811865765e-01
5.320000000000000284e+00 -4.098821780779937640e-01
5.330000000000000071e+00 -7.031850052254758898e-01
5.339999999999999858e+00 -1.238574990816765885e-02
5.350000000000000533e+00 -4.647417145494493473e-01
5.360000000000000320e+00 3.414873915841752372e-01
5.370000000000000107e+00 2.673279574742051246e-01
5.379999999999999893e+00 1.950353514162686541e-01
5.389999999999999680e+00 -2.722343922492381427e-02
5.400000000000000355e+00 -2.683630347443206055e-01
5.410000000000000142e+00 -3.451773365255034198e-01
5.419999999999999929e+00 -3.373052426227841072e-01
5.429999999999999716e+00 -7.009468667387581953e-02
5.440000000000000391e+00 -1.658914957716072780e-01
5.450000000000000178e+00 -1.231454943706575267e-01
5.459999999999999964e+00 -5.978719788090322007e-01
5.469999999999999751e+00 -1.940293534521998764e-01
5.480000000000000426e+00 -3.716513675974361663e-01
5.490000000000000213e+00 5.020593223797753524e-02
5.500000000000000000e+00 -6.089731042668705685e-01
5.509999999999999787e+00 1.471513802780824720e-01
5.520000000000000462e+00 -2.209680174107439832e-01
5.530000000000000249e+00 -2.162361467780364310e-01
5.540000000000000036e+00 -2.311646108668384547e-02
5.549999999999999822e+00 -2.193872572208349914e-01
5.560000000000000497e+00 2.008362144860582621e-01
5.570000000000000284e+00 -4.227639340823650949e-02
5.580000000000000071e+00 7.461424522887985522e-02
5.589999999999999858e+00 1.754009063643959254e-01
5.600000000000000533e+00 2.989653966850608358e-01
5.610000000000000320e+00 3.633457994688570336e-01
5.620000000000000107e+00 5.107717771920274874e-01
5.629999999999999893e+00 -7.348667272188588728e-02
5.639999999999999680e+00 3.512206307475185252e-01
5.650000000000000355e+00 3.313322517232384912e-01
5.660000000000000142e+00 3.710284454439537472e-01
5.669999999999999929e+00 -1.079278232418899447e-01
5.679999999999999716e+00 -1.987200345140373303e-01
5.690000000000000391e+00 2.507640241309248147e-02
5.700000000000000178e+00 -5.255291085032345183e-02
5.709999999999999964e+00 3.317043685430722810e-01
5.719999999999999751e+00 5.728708864833250702e-01
5.730000000000000426e+00 6.501387750960382168e-04
5.740000000000000213e+00 -4.905454625258009460e-01
5.750000000000000000e+00 -2.751945682735938981e-01
5.759999999999999787e+00 -9.566441804418668315e-02
5.770000000000000462e+00 7.999080716673970248e-02
5.780000000000000249e+00 -9.164320952208621302e-04
5.790000000000000036e+00 -4.811764011893484433e-02
5.799999999999999822e+00 -2.158232763856780811e-01
5.810000000000000497e+00 -2.551091069819138094e-02
5.820000000000000284e+00 1.796642284300952463e-01
5.830000000000000071e+00 1.377385443912040441e-03
5.839999999999999858e+00 1.802570454651721736e-03
5.850000000000000533e+00 2.850705020921033284e-01
5.860000000000000320e+00 4.212137962052422413e-01
5.870000000000000107e+00 6.509935056301256739e-02
5.879999999999999893e+00 -2.837574639308449997e-01
5.889999999999999680e+00 1.999428732021131527e-01
5.900000000000000355e+00 1.901920868022438371e-01
5.910000000000000142e+00 1.470936348964771156e-01
5.919999999999999929e+00 7.412093792052143471e-01
5.929999999999999716e+00 -1.897828522364253812e-01
5.940000000000000391e+00 1.270264838733551616e-01
5.950000000000000178e+00 -1.499050101426351034e-01
5.959999999999999964e+00 2.354497283565883947e-01
5.969999999999999751e+00 2.566079795409300854e-02
5.980000000000000426e+00 -3.296065702747139059e-01
5.990000000000000213e+00 -6.925077196366676846e-01
6.000000000000000000e+00 -5.569347561108792810e-01
6.009999999999999787e+00 -1.181042212549962833e-01
6.020000000000000462e+00 -6.994739359611740204e-02
6.030000000000000249e+00 -2.687831029345325584e-01
6.040000000000000036e+00 3.344429862722111402e-01
6.049999999999999822e+00 -3.799644548627085783e-01
6.060000000000000497e+00 5.488106668061235038e-02
6.070000000000000284e+00 3.111796107644621001e-01
6.080000000000000071e+00 1.591561964425260434e-01
6.089999999999999858e+00 -4.198629545939810970e-01
6.100000000000000533e+00 -6.276700695124716456e-02
6.110000000000000320e+00 1.285768894266060558e-01
6.120000000000000107e+00 -9.677562746603800281e-02
6.129999999999999893e+00 -3.836277480920439187e-01
6.140000000000000568e+00 -3.478742520207854794e-01
6.150000000000000355e+00 -1.744931973582267704e-01
6.160000000000000142e+00 -1.296902836247324220e-01
6.169999999999999929e+00 -2.723450787244861560e-01
6.179999999999999716e+00 2.147475301970946104e-01
6.190000000000000391e+00 1.769068728095520016e-01
6.200000000000000178e+00 -3.533734934764097280e-01
6.209999999999999964e+00 -7.778165463388334033e-02
6.219999999999999751e+00 -3.051559819862932274e-02
6.230000000000000426e+00 3.594677622141041924e-03
6.240000000000000213e+00 4.168114306516440548e-01
6.250000000000000000e+00 5.657156891299793683e-02
6.259999999999999787e+00 -5.961062080534233060e-02
6.270000000000000462e+00 2.820074893369626384e-02
6.280000000000000249e+00 -1.430181219235928669e-01
6.290000000000000036e+00 4.038215673018537011e-01
6.299999999999999822e+00 1.327302416369329219e-01
6.310000000000000497e+00 2.924123294111703464e-01
6.320000000000000284e+00 8.338047668506341770e-02
6.330000000000000071e+00 4.083971831006630304e-01
6.339999999999999858e+00 -1.905482274550387434e-01
6.350000000000000533e+00 2.710086422837865716e-01
6.360000000000000320e+00 2.101160956223111498e-01
6.370000000000000107e+00 -1.694168492430241924e-01
6.379999999999999893e+00 -5.285982876049378359e-02
6.390000000000000568e+00 -3.722019126958132640e-01
6.400000000000000355e+00 1.587338100254780116e-01
6.410000000000000142e+00 9.034619574906033179e-02
6.419999999999999929e+00 2.652398105240674209e-01
6.429999999999999716e+00 2.108392804369743079e-01
6.440000000000000391e+00 -9.725102018309192409e-02
6.450000000000000178e+00 3.676644189755070569e-01
6.459999999999999964e+00 4.468204921145880193e-01
6.469999999999999751e+00 -1.364964820440753637e-02
6.480000000000000426e+00 -5.965001503295984664e-01
6.490000000000000213e+00 -2.176990390284983257e-01
6.500000000000000000e+00 1.320786038984921029e-01
6.509999999999999787e+00 -3.732593046532680092e-01
6.520000000000000462e+00 -6.090459653159746578e-01
6.530000000000000249e+00 -3.456200442582798571e-01
6.540000000000000036e+00 -3.390136348342623340e-01
6.549999999999999822e+00 1.957944122483326610e-01
6.560000000000000497e+00 3.894546921933902395e-01
6.570000000000000284e+00 2.780488247104622723e-01
6.580000000000000071e+00 -3.355919188155199739e-01
6.589999999999999858e+00 4.185597151326396759e-01
6.600000000000000533e+00 -1.697813450356773224e-01
6.610000000000000320e+00 1.699709029862573884e-01
6.620000000000000107e+00 -1.321283131554127910e-01
6.629999999999999893e+00 -1.405981373451768990e-01
6.640000000000000568e+00 4.974765558348716588e-01
6.650000000000000355e+00 4.740657271394858041e-01
6.660000000000000142e+00 3.200906217861995695e-01
6.669999999999999929e+00 6.520661355339583964e-02
6.679999999999999716e+00 1.217137015511058351e-01
6.690000000000000391e+00 4.963125413906331329e-01
6.700000000000000178e+00 2.932188409936076767e-01
6.709999999999999964e+00 -3.520420660221393883e-01
6.719999999999999751e+00 -1.404218199949147650e-02
6.730000000000000426e+00 -8.982558597714769555e-02
6.740000000000000213e+00 3.293304246370364341e-01
6.750000000000000000e+00 3.318879936062733571e-01
6.759999999999999787e+00 1.876143893429877141e-01
6.770000000000000462e+00 1.344342808352403940e-01
6.780000000000000249e+00 1.230120967012291178e-01
6.790000000000000036e+00 -2.717539557094244551e-01
6.799999999999999822e+00 -1.138079034171400050e-01
6.810000000000000497e+00 -1.331658943713974474e-01
6.820000000000000284e+00 -1.483662703111139347e-01
6.830000000000000071e+00 1.344749520824014832e-01
6.839999999999999858e+00 -2.873907136609572532e-01
6.850000000000000533e+00 -3.057576447306360468e-01
6.860000000000000320e+00 -6.930733979815484336e-01
6.870000000000000107e+00 -5.890784763509578914e-01
6.879999999999999893e+00 -1.805860338964094536e-01
6.890000000000000568e+00 -7.317248436422336688e-01
6.900000000000000355e+00 -3.422295303077892425e-01
6.910000000000000142e+00 -4.011411330776427642e-01
6.919999999999999929e+00 1.884326004458491965e-01
6.929999999999999716e+00 2.289533867201735129e-01
6.940000000000000391e+00 4.287206840233522276e-01
6.950000000000000178e+00 1.371782071545833426e-01
6.959999999999999964e+00 1.600699624754268469e-01
6.969999999999999751e+00 -2.846718769597482712e-01
6.980000000000000426e+00 4.184734544167275083e-01
6.990000000000000213e+00 -3.027071088649714303e-01
7.000000000000000000e+00 -2.728565220706129502e-01
7.009999999999999787e+00 -8.907537527236833452e-02
7.020000000000000462e+00 -1.956689854802198814e-02
7.030000000000000249e+00 -1.750780955812000772e-01
7.040000000000000036e+00 -1.509040967747849460e-01
7.049999999999999822e+00 4.232031768014560963e-02
7.060000000000000497e+00 -2.211065651133744259e-01
7.070000000000000284e+00 9.914786222479506084e-02
7.080000000000000071e+00 -2.087396932887740017e-02
7.089999999999999858e+00 1.867229346447421556e-01
7.100000000000000533e+00 2.257248776715908289e-01
7.110000000000000320e+00 1.097864745578424894e-01
7.120000000000000107e+00 2.266458011591703792e-01
7.129999999999999893e+00 -8.707588400910284965e-02
7.140000000000000568e+00 2.281141906412058884e-01
7.150000000000000355e+00 3.498670729879477803e-01
7.160000000000000142e+00 2.254415807348693346e-01
7.169999999999999929e+00 -1.522537965347474376e-01
7.179999999999999716e+00 2.639776071360355747e-01
7.190000000000000391e+00 1.894383671621167053e-01
7.200000000000000178e+00 1.448843816859627931e-01
7.209999999999999964e+00 -2.461691024137372882e-02
7.219999999999999751e+00 8.901227299729107256e-02
7.230000000000000426e+00 -1.335293591864545326e-01
7.240000000000000213e+00 -1.796753465608171008e-01
7.250000000000000000e+00 2.139661736222009392e-01
7.259999999999999787e+00 -2.687635410652626858e-02
7.270000000000000462e+00 -1.358211765625082501e-01
7.280000000000000249e+00 -1.610560645815963254e-01
7.290000000000000036e+00 1.952925145820811476e-02
7.299999999999999822e+00 1.155506155587717187e-01
7.310000000000000497e+00 1.236499957480921563e-02
7.320000000000000284e+00 3.598593163370851500e-02
7.330000000000000071e+00 -4.267766828504286902e-01
7.339999999999999858e+00 -2.330620821086747674e-01
7.350000000000000533e+00 1.430009847432462122e-01
7.360000000000000320e+00 6.962351872368563455e-02
7.370000000000000107e+00 -1.111443005851512067e-01
7.379999999999999893e+00 1.781697193616909314e-01
7.390000000000000568e+00 -5.965535974318855739e-02
7.400000000000000355e+00 1.849648934566313629e-01
7.410000000000000142e+00 -5.896344300786097309e-02
7.419999999999999929e+00 -6.771622735332949450e-02
7.429999999999999716e+00 -1.568130318572109605e-01
7.440000000000000391e+00 -1.962284792222412644e-01
7.450000000000000178e+00 -1.831297584603077677e-01
7.459999999999999964e+00 -2.129610476263377183e-01
7.469999999999999751e+00 -2.958833234490773068e-01
7.480000000000000426e+00 -3.252864304829972686e-01
7.490000000000000213e+00 -1.493178882478677916e-01
7.500000000000000000e+00 -2.303415323871222387e-01
7.509999999999999787e+00 -1.175721690641463313e-01
7.520000000000000462e+00 -3.498415576698755691e-01
7.530000000000000249e+00 4.802560011119861444e-02
7.540000000000000036e+00 -1.116232025199947464e-01
7.549999999999999822e+00 -8.305402884119016116e-02
7.560000000000000497e+00 -1.602899862574926892e-01
7.570000000000000284e+00 -1.186459704336203791e-01
7.580000000000000071e+00 7.985370294872283503e-02
7.589999999999999858e+00 6.762616951781297292e-02
7.600000000000000533e+00 7.374645633240578535e-02
7.610000000000000320e+00 1.128994123270012223e-01
7.620000000000000107e+00 -2.397192474302379389e-02
7.629999999999999893e+00 -1.789396946752019879e-01
7.640000000000000568e+00 3.987721948590882554e-02
7.650000000000000355e+00 -2.650574626420340238e-02
7.660000000000000142e+00 -6.053462569442531749e-02
7.669999999999999929e+00 -2.872292905045658803e-02
7.679999999999999716e+00 -4.763725636151915771e-03
7.690000000000000391e+00 -4.219686633148505422e-02
7.700000000000000178e+00 -4.868240000009090712e-02
7.709999999999999964e+00 -4.237297004894451796e-02
7.719999999999999751e+00 -3.844026202086896910e-02
7.730000000000000426e+00 3.329651641087886388e-02
7.740000000000000213e+00 -9.643158339310479998e-02
7.750000000000000000e+00 -2.973050426946614866e-02
7.759999999999999787e+00 3.927834863436668877e-02
7.770000000000000462e+00 -6.802839407982223807e-02
7.780000000000000249e+00 -9.815671690511984515e-02
7.790000000000000036e+00 -4.635483910189681922e-02
7.799999999999999822e+00 1.569216118197980583e-02
7.810000000000000497e+00 -1.063728403562798699e-02
7.820000000000000284e+00 -7.330773280738968334e-02
7.830000000000000071e+00 -4.956746907339425884e-02
7.839999999999999858e+00 6.509193487269727962e-02
7.850000000000000533e+00 -4.473504888917754184e-03
7.860000000000000320e+00 7.870865823833825270e-03
7.870000000000000107e+00 -7.104208188703500793e-02
7.879999999999999893e+00 -7.031084031433833259e-02
7.890000000000000568e+00 2.377585840212134444e-03
7.900000000000000355e+00 2.273003019748096043e-02
7.910000000000000142e+00 1.686369452425148449e-02
7.919999999999999929e+00 2.275536108579598316e-02
7.930000000000000604e+00 6.993170576280841565e-03
7.940000000000000391e+00 -1.114389855114086836e-02
7.950000000000000178e+00 -1.589057101603217432e-03
7.959999999999999964e+00 3.975798352082778736e-03
7.969999999999999751e+00 -1.307743016797443918e-02
7.980000000000000426e+00 -9.013455927361356187e-03
7.990000000000000213e+00 -2.401340735576109643e-03
8.000000000000000000e+00 -0.000000000000000000e+00
8.009999999999999787e+00 0.000000000000000000e+00
8.019999999999999574e+00 0.000000000000000000e+00
8.029999999999999361e+00 0.000000000000000000e+00
8.040000000000000924e+00 0.000000000000000000e+00
8.050000000000000711e+00 0.000000000000000000e+00
8.060000000000000497e+00 0.000000000000000000e+00
8.070000000000000284e+00 0.000000000000000000e+00
8.080000000000000071e+00 0.000000000000000000e+00
8.089999999999999858e+00 0.000000000000000000e+00
8.099999999999999645e+00 0.000000000000000000e+00
8.109999999999999432e+00 0.000000000000000000e+00
8.120000000000000995e+00 0.000000000000000000e+00
8.130000000000000782e+00 0.000000000000000000e+00
8.140000000000000568e+00 0.000000000000000000e+00
8.150000000000000355e+00 0.000000000000000000e+00
8.160000000000000142e+00 0.000000000000000000e+00
8.169999999999999929e+00 0.000000000000000000e+00
8.179999999999999716e+00 0.000000000000000000e+00
8.189999999999999503e+00 0.000000000000000000e+00
8.199999999999999289e+00 0.000000000000000000e+00
8.210000000000000853e+00 0.000000000000000000e+00
8.220000000000000639e+00 0.000000000000000000e+00
8.230000000000000426e+00 0.000000000000000000e+00
8.240000000000000213e+00 0.000000000000000000e+00
8.250000000000000000e+00 0.000000000000000000e+00
8.259999999999999787e+00 0.000000000000000000e+00
8.269999999999999574e+00 0.000000000000000000e+00
8.279999999999999361e+00 0.000000000000000000e+00
8.290000000000000924e+00 0.000000000000000000e+00
8.300000000000000711e+00 0.000000000000000000e+00
8.310000000000000497e+00 0.000000000000000000e+00
8.320000000000000284e+00 0.000000000000000000e+00
8.330000000000000071e+00 0.000000000000000000e+00
8.339999999999999858e+00 0.000000000000000000e+00
8.349999999999999645e+00 0.000000000000000000e+00
8.359999999999999432e+00 0.000000000000000000e+00
8.370000000000000995e+00 0.000000000000000000e+00
8.380000000000000782e+00 0.000000000000000000e+00
8.390000000000000568e+00 0.000000000000000000e+00
8.400000000000000355e+00 0.000000000000000000e+00
8.410000000000000142e+00 0.000000000000000000e+00
8.419999999999999929e+00 0.000000000000000000e+00
8.429999999999999716e+00 0.000000000000000000e+00
8.439999999999999503e+00 0.000000000000000000e+00
8.449999999999999289e+00 0.000000000000000000e+00
8.460000000000000853e+00 0.000000000000000000e+00
8.470000000000000639e+00 0.000000000000000000e+00
8.480000000000000426e+00 0.000000000000000000e+00
8.490000000000000213e+00 0.000000000000000000e+00
8.500000000000000000e+00 0.000000000000000000e+00
8.509999999999999787e+00 0.000000000000000000e+00
8.519999999999999574e+00 0.000000000000000000e+00
8.529999999999999361e+00 0.000000000000000000e+00
8.540000000000000924e+00 0.000000000000000000e+00
8.550000000000000711e+00 0.000000000000000000e+00
8.560000000000000497e+00 0.000000000000000000e+00
8.570000000000000284e+00 0.000000000000000000e+00
8.580000000000000071e+00 0.000000000000000000e+00
8.589999999999999858e+00 0.000000000000000000e+00
8.599999999999999645e+00 0.000000000000000000e+00
8.609999999999999432e+00 0.000000000000000000e+00
8.620000000000000995e+00 0.000000000000000000e+00
8.630000000000000782e+00 0.000000000000000000e+00
8.640000000000000568e+00 0.000000000000000000e+00
8.650000000000000355e+00 0.000000000000000000e+00
8.660000000000000142e+00 0.000000000000000000e+00
8.669999999999999929e+00 0.000000000000000000e+00
8.679999999999999716e+00 0.000000000000000000e+00
8.689999999999999503e+00 0.000000000000000000e+00
8.700000000000001066e+00 0.000000000000000000e+00
8.710000000000000853e+00 0.000000000000000000e+00
8.720000000000000639e+00 0.000000000000000000e+00
8.730000000000000426e+00 0.000000000000000000e+00
8.740000000000000213e+00 0.000000000000000000e+00
8.750000000000000000e+00 0.000000000000000000e+00
8.759999999999999787e+00 0.000000000000000000e+00
8.769999999999999574e+00 0.000000000000000000e+00
8.779999999999999361e+00 0.000000000000000000e+00
8.790000000000000924e+00 0.000000000000000000e+00
8.800000000000000711e+00 0.000000000000000000e+00
8.810000000000000497e+00 0.000000000000000000e+00
8.820000000000000284e+00 0.000000000000000000e+00
8.830000000000000071e+00 0.000000000000000000e+00
8.839999999999999858e+00 0.000000000000000000e+00
8.849999999999999645e+00 0.000000000000000000e+00
8.859999999999999432e+00 0.000000000000000000e+00
8.870000000000000995e+00 0.000000000000000000e+00
8.880000000000000782e+00 0.000000000000000000e+00
8.890000000000000568e+00 0.000000000000000000e+00
8.900000000000000355e+00 0.000000000000000000e+00
8.910000000000000142e+00 0.000000000000000000e+00
8.919999999999999929e+00 0.000000000000000000e+00
8.929999999999999716e+00 0.000000000000000000e+00
8.939999999999999503e+00 0.000000000000000000e+00
8.950000000000001066e+00 0.000000000000000000e+00
8.960000000000000853e+00 0.000000000000000000e+00
8.970000000000000639e+00 0.000000000000000000e+00
8.980000000000000426e+00 0.000000000000000000e+00
8.990000000000000213e+00 0.000000000000000000e+00
9.000000000000000000e+00 0.000000000000000000e+00
9.009999999999999787e+00 0.000000000000000000e+00
9.019999999999999574e+00 0.000000000000000000e+00
9.029999999999999361e+00 0.000000000000000000e+00
9.040000000000000924e+00 0.000000000000000000e+00
9.050000000000000711e+00 0.000000000000000000e+00
9.060000000000000497e+00 0.000000000000000000e+00
9.070000000000000284e+00 0.000000000000000000e+00
9.080000000000000071e+00 0.000000000000000000e+00
9.089999999999999858e+00 0.000000000000000000e+00
9.099999999999999645e+00 0.000000000000000000e+00
9.109999999999999432e+00 0.000000000000000000e+00
9.120000000000000995e+00 0.000000000000000000e+00
9.130000000000000782e+00 0.000000000000000000e+00
9.140000000000000568e+00 0.000000000000000000e+00
9.150000000000000355e+00 0.000000000000000000e+00
9.160000000000000142e+00 0.000000000000000000e+00
9.169999999999999929e+00 0.000000000000000000e+00
9.179999999999999716e+00 0.000000000000000000e+00
9.189999999999999503e+00 0.000000000000000000e+00
9.200000000000001066e+00 0.000000000000000000e+00
9.210000000000000853e+00 0.000000000000000000e+00
9.220000000000000639e+00 0.000000000000000000e+00
9.230000000000000426e+00 0.000000000000000000e+00
9.240000000000000213e+00 0.000000000000000000e+00
9.250000000000000000e+00 0.000000000000000000e+00
9.259999999999999787e+00 0.000000000000000000e+00
9.269999999999999574e+00 0.000000000000000000e+00
9.279999999999999361e+00 0.000000000000000000e+00
9.290000000000000924e+00 0.000000000000000000e+00
9.300000000000000711e+00 0.000000000000000000e+00
9.310000000000000497e+00 0.000000000000000000e+00
9.320000000000000284e+00 0.000000000000000000e+00
9.330000000000000071e+00 0.000000000000000000e+00
9.339999999999999858e+00 0.000000000000000000e+00
9.349999999999999645e+00 0.000000000000000000e+00
9.359999999999999432e+00 0.000000000000000000e+00
9.370000000000000995e+00 0.000000000000000000e+00
9.380000000000000782e+00 0.000000000000000000e+00
9.390000000000000568e+00 0.000000000000000000e+00
9.400000000000000355e+00 0.000000000000000000e+00
9.410000000000000142e+00 0.000000000000000000e+00
9.419999999999999929e+00 0.000000000000000000e+00
9.429999999999999716e+00 0.000000000000000000e+00
9.439999999999999503e+00 0.000000000000000000e+00
9.450000000000001066e+00 0.000000000000000000e+00
9.460000000000000853e+00 0.000000000000000000e+00
9.470000000000000639e+00 0.000000000000000000e+00
9.480000000000000426e+00 0.000000000000000000e+00
9.490000000000000213e+00 0.000000000000000000e+00
9.500000000000000000e+00 0.000000000000000000e+00
9.509999999999999787e+00 0.000000000000000000e+00
9.519999999999999574e+00 0.000000000000000000e+00
9.529999999999999361e+00 0.000000000000000000e+00
9.540000000000000924e+00 0.000000000000000000e+00
9.550000000000000711e+00 0.000000000000000000e+00
9.560000000000000497e+00 0.000000000000000000e+00
9.570000000000000284e+00 0.000000000000000000e+00
9.580000000000000071e+00 0.000000000000000000e+00
9.589999999999999858e+00 0.000000000000000000e+00
9.599999999999999645e+00 0.000000000000000000e+00
9.609999999999999432e+00 0.000000000000000000e+00
9.620000000000000995e+00 0.000000000000000000e+00
9.630000000000000782e+00 0.000000000000000000e+00
9.640000000000000568e+00 0.000000000000000000e+00
9.650000000000000355e+00 0.000000000000000000e+00
9.660000000000000142e+00 0.000000000000000000e+00
9.669999999999999929e+00 0.000000000000000000e+00
9.679999999999999716e+00 0.000000000000000000e+00
9.689999999999999503e+00 0.000000000000000000e+00
9.700000000000001066e+00 0.000000000000000000e+00
9.710000000000000853e+00 0.000000000000000000e+00
9.720000000000000639e+00 0.000000000000000000e+00
9.730000000000000426e+00 0.000000000000000000e+00
9.740000000000000213e+00 0.000000000000000000e+00
9.750000000000000000e+00 0.000000000000000000e+00
9.759999999999999787e+00 0.000000000000000000e+00
9.769999999999999574e+00 0.000000000000000000e+00
9.779999999999999361e+00 0.000000000000000000e+00
9.790000000000000924e+00 0.000000000000000000e+00
9.800000000000000711e+00 0.000000000000000000e+00
9.810000000000000497e+00 0.000000000000000000e+00
9.820000000000000284e+00 0.000000000000000000e+00
9.830000000000000071e+00 0.000000000000000000e+00
9.839999999999999858e+00 0.000000000000000000e+00
9.849999999999999645e+00 0.000000000000000000e+00
9.859999999999999432e+00 0.000000000000000000e+00
9.870000000000000995e+00 0.000000000000000000e+00
9.880000000000000782e+00 0.000000000000000000e+00
9.890000000000000568e+00 0.000000000000000000e+00
9.900000000000000355e+00 0.000000000000000000e+00
9.910000000000000142e+00 0.000000000000000000e+00
9.919999999999999929e+00 0.000000000000000000e+00
9.929999999999999716e+00 0.000000000000000000e+00
9.939999999999999503e+00 0.000000000000000000e+00
9.950000000000001066e+00 0.000000000000000000e+00
9.960000000000000853e+00 0.000000000000000000e+00
9.970000000000000639e+00 0.000000000000000000e+00
9.980000000000000426e+00 0.000000000000000000e+00
9.990000000000000213e+00 0.000000000000000000e+00
1.000000000000000000e+01 0.000000000000000000e+00
