Zeit [s]	Kraft [N]
0.000000000000000000e+00 -1.320782330128554349e+01
1.000000000000000021e-02 -9.440942755944001874e+01
2.000000000000000042e-02 -1.774200932130929402e+02
2.999999999999999889e-02 -2.383372357450250831e+02
4.000000000000000083e-02 -2.729007745303288175e+02
5.000000000000000278e-02 -2.793467742441902146e+02
5.999999999999999778e-02 -2.585087146084898109e+02
7.000000000000000666e-02 -2.137093615473296495e+02
8.000000000000000167e-02 -1.502627529943503362e+02
8.999999999999999667e-02 -7.551676206646158107e+01
1.000000000000000056e-01 2.706311561810793798e+00
1.100000000000000006e-01 7.697106260772454789e+01
1.199999999999999956e-01 1.402571543260616522e+02
1.300000000000000044e-01 1.868328878750870672e+02
1.400000000000000133e-01 2.131910006238177004e+02
1.499999999999999944e-01 2.176194647462810963e+02
1.600000000000000033e-01 2.006940222932409483e+02
1.700000000000000122e-01 1.652933090302075811e+02
1.799999999999999933e-01 1.155657392015885847e+02
1.900000000000000022e-01 5.700380025484790991e+01
2.000000000000000111e-01 -4.182055459364608652e+00
2.099999999999999922e-01 -6.194062691248660002e+01
2.200000000000000011e-01 -1.109911040845922372e+02
2.300000000000000100e-01 -1.471317039959380395e+02
2.399999999999999911e-01 -1.672245953501877693e+02
2.500000000000000000e-01 -1.699592956889450193e+02
2.600000000000000089e-01 -1.561965420680421914e+02
2.700000000000000178e-01 -1.280979110984424381e+02
2.800000000000000266e-01 -8.887933389698211784e+01
2.899999999999999800e-01 -4.280372768158726160e+01
2.999999999999999889e-01 5.159878422119769326e+00
3.099999999999999978e-01 5.014631812140179079e+01
3.200000000000000067e-01 8.795726845390294102e+01
3.300000000000000155e-01 1.154825283478245694e+02
3.400000000000000244e-01 1.305419872278653770e+02
3.499999999999999778e-01 1.321174080379079498e+02
3.599999999999999867e-01 1.209207400058411110e+02
3.699999999999999956e-01 9.865622852377273944e+01
3.800000000000000044e-01 6.790186020119141119e+01
3.900000000000000133e-01 3.194978366776082268e+01
4.000000000000000222e-01 -5.422665264031344634e+00
4.099999999999999756e-01 -4.049727627179198919e+01
4.199999999999999845e-01 -6.987025820148990363e+01
4.299999999999999933e-01 -9.093348612316725621e+01
4.400000000000000022e-01 -1.021984792053065121e+02
4.500000000000000111e-01 -1.029691529393150660e+02
4.600000000000000200e-01 -9.376603868459903879e+01
4.699999999999999734e-01 -7.598175624623132762e+01
4.799999999999999822e-01 -5.175629317839822363e+01
4.899999999999999911e-01 -2.366447497857058480e+01
5.000000000000000000e-01 5.498889201310047881e+00
5.100000000000000089e-01 3.274792131872509060e+01
5.200000000000000178e-01 5.558465214964164147e+01
5.300000000000000266e-01 7.191842071347203103e+01
5.400000000000000355e-01 8.027057979304622393e+01
5.500000000000000444e-01 8.054490948601518596e+01
5.600000000000000533e-01 7.310874109537843424e+01
5.699999999999999512e-01 5.880753785698752978e+01
5.799999999999999600e-01 3.962299777525710454e+01
5.899999999999999689e-01 1.754591548232598441e+01
5.999999999999999778e-01 -5.248541221380898847e+00
6.099999999999999867e-01 -2.651279958288941430e+01
6.199999999999999956e-01 -4.404575247877511401e+01
6.300000000000000044e-01 -5.635494999714288156e+01
6.400000000000000133e-01 -6.277042178622235014e+01
6.500000000000000222e-01 -6.291037888233107367e+01
6.600000000000000311e-01 -5.684860165045429881e+01
6.700000000000000400e-01 -4.556707682697406625e+01
6.800000000000000488e-01 -3.046126589829336595e+01
6.899999999999999467e-01 -1.302922258255505383e+01
6.999999999999999556e-01 4.851416453182755717e+00
7.099999999999999645e-01 2.146000412717000572e+01
7.199999999999999734e-01 3.505709425296461035e+01
7.299999999999999822e-01 4.462131461943913280e+01
7.399999999999999911e-01 4.958791256398003355e+01
7.500000000000000000e-01 4.949606108775265767e+01
7.600000000000000089e-01 4.459058639274113034e+01
7.700000000000000178e-01 3.553383001715232581e+01
7.800000000000000266e-01 2.334331438644362322e+01
7.900000000000000355e-01 9.352947435821965527e+00
8.000000000000000444e-01 -4.989882184371178475e+00
8.100000000000000533e-01 -1.804526480154818202e+01
8.199999999999999512e-01 -2.868682646536746716e+01
8.299999999999999600e-01 -3.622052746672341073e+01
8.399999999999999689e-01 -3.984783419102917890e+01
8.499999999999999778e-01 -3.943998697982741675e+01
8.599999999999999867e-01 -3.507859019506825859e+01
8.699999999999999956e-01 -2.755445874168925968e+01
8.800000000000000044e-01 -1.788893948063072870e+01
8.900000000000000133e-01 -6.642154788590454828e+00
9.000000000000000222e-01 4.719245877120501476e+00
9.100000000000000311e-01 1.502996399294968910e+01
9.200000000000000400e-01 2.336234462014783020e+01
9.300000000000000488e-01 2.901341699873711377e+01
9.399999999999999467e-01 3.164375293133341316e+01
9.499999999999999556e-01 3.112223046314598207e+01
9.599999999999999645e-01 2.755843893300659886e+01
9.699999999999999734e-01 2.144573635458202432e+01
9.799999999999999822e-01 1.361496041059572093e+01
9.899999999999999911e-01 4.962806107295703484e+00
1.000000000000000000e+00 -3.635197649779573048e+00
1.010000000000000009e+00 -1.149800144963723625e+01
1.020000000000000018e+00 -1.802264340700431688e+01
1.030000000000000027e+00 -2.253742564660424819e+01
1.040000000000000036e+00 -2.471257892615888352e+01
1.050000000000000044e+00 -2.434774115194159094e+01
1.060000000000000053e+00 -2.166743092576309948e+01
1.070000000000000062e+00 -1.705243819821870943e+01
1.080000000000000071e+00 -1.087760220298864411e+01
1.090000000000000080e+00 -4.003193351304098258e+00
1.100000000000000089e+00 2.836698867550908165e+00
1.110000000000000098e+00 9.096332880853275071e+00
1.120000000000000107e+00 1.425875661900810876e+01
1.129999999999999893e+00 1.787870458329659940e+01
1.139999999999999902e+00 1.969606851560867256e+01
1.149999999999999911e+00 1.936166535036333869e+01
1.159999999999999920e+00 1.696082525283098263e+01
1.169999999999999929e+00 1.325302628041027475e+01
1.179999999999999938e+00 8.445652209627063201e+00
1.189999999999999947e+00 2.822167893280679962e+00
1.199999999999999956e+00 -2.668725699611758984e+00
1.209999999999999964e+00 -7.643123182904170143e+00
1.219999999999999973e+00 -1.177424733363591436e+01
1.229999999999999982e+00 -1.451686089923819978e+01
1.239999999999999991e+00 -1.572789983959566662e+01
1.250000000000000000e+00 -1.542290500411895060e+01
1.260000000000000009e+00 -1.363747986924910016e+01
1.270000000000000018e+00 -1.067259555281064110e+01
1.280000000000000027e+00 -6.863069001135071900e+00
1.290000000000000036e+00 -2.512991558483870680e+00
1.300000000000000044e+00 1.877389788801350212e+00
1.310000000000000053e+00 5.810815031171170375e+00
1.320000000000000062e+00 9.034596563148340920e+00
1.330000000000000071e+00 1.129883119378448342e+01
1.340000000000000080e+00 1.238334494442997880e+01
1.350000000000000089e+00 1.219452169706327460e+01
1.360000000000000098e+00 1.097858720300090951e+01
1.370000000000000107e+00 8.849436996873432548e+00
1.379999999999999893e+00 6.050100995761689582e+00
1.389999999999999902e+00 2.738957209434216278e+00
1.399999999999999911e+00 -8.272748015364279617e-01
1.409999999999999920e+00 -4.201857159586187329e+00
1.419999999999999929e+00 -7.046652873223841596e+00
1.429999999999999938e+00 -8.961199576440943559e+00
1.439999999999999947e+00 -9.796595945805842476e+00
1.449999999999999956e+00 -9.666372914404501415e+00
1.459999999999999964e+00 -8.765446447962180088e+00
1.469999999999999973e+00 -7.165278585382993448e+00
1.479999999999999982e+00 -4.814107002697923576e+00
1.489999999999999991e+00 -2.046532488003692141e+00
1.500000000000000000e+00 6.871600461383927660e-01
1.510000000000000009e+00 3.362066979539535261e+00
1.520000000000000018e+00 5.626221469666782937e+00
1.530000000000000027e+00 6.991361235429619292e+00
1.540000000000000036e+00 7.624345989136823043e+00
1.550000000000000044e+00 7.692228303340691298e+00
1.560000000000000053e+00 7.013262789172063805e+00
1.570000000000000062e+00 5.675848353695329251e+00
1.580000000000000071e+00 3.966862488666479614e+00
1.590000000000000080e+00 1.860424781014581974e+00
1.600000000000000089e+00 -6.009776774829651558e-01
1.610000000000000098e+00 -2.836604539438247752e+00
1.620000000000000107e+00 -4.637763692768674062e+00
1.629999999999999893e+00 -5.942853363526854338e+00
1.639999999999999902e+00 -6.513756098290270913e+00
1.649999999999999911e+00 -6.474867727982041465e+00
1.659999999999999920e+00 -5.807701848400227185e+00
1.669999999999999929e+00 -4.679104659541465594e+00
1.679999999999999938e+00 -3.328810352935390959e+00
1.689999999999999947e+00 -1.555364670288138296e+00
1.699999999999999956e+00 3.887035975397594711e-01
1.709999999999999964e+00 2.173714247669483957e+00
1.719999999999999973e+00 3.465835752599649044e+00
1.729999999999999982e+00 4.378821911235833753e+00
1.739999999999999991e+00 5.016210531704395237e+00
1.750000000000000000e+00 5.033905975117196618e+00
1.760000000000000009e+00 4.558937560032751080e+00
1.770000000000000018e+00 3.749847952184839794e+00
1.780000000000000027e+00 2.387722391008967548e+00
1.790000000000000036e+00 8.833783260575627239e-01
1.800000000000000044e+00 -4.457159755465571749e-01
1.810000000000000053e+00 -1.688017013334571992e+00
1.820000000000000062e+00 -2.645357046662568212e+00
1.830000000000000071e+00 -3.280148289707704112e+00
1.840000000000000080e+00 -3.623327812494074873e+00
1.850000000000000089e+00 -3.615327788344976145e+00
1.860000000000000098e+00 -3.287281149548055392e+00
1.870000000000000107e+00 -2.576994152789117809e+00
1.879999999999999893e+00 -1.706326956037656828e+00
1.889999999999999902e+00 -7.767236038529790054e-01
1.899999999999999911e+00 1.255474494878625613e-01
1.909999999999999920e+00 9.094208660971707658e-01
1.919999999999999929e+00 1.751559248791478174e+00
1.929999999999999938e+00 2.259381706098373410e+00
1.939999999999999947e+00 2.412683286879411249e+00
1.949999999999999956e+00 2.533265983025366541e+00
1.959999999999999964e+00 2.519061939233778080e+00
1.969999999999999973e+00 2.295349776175244827e+00
1.979999999999999982e+00 1.849480632265439795e+00
1.989999999999999991e+00 1.137043227423633507e+00
2.000000000000000000e+00 3.942658227704138874e-01
2.009999999999999787e+00 -3.389754345989710593e-01
2.020000000000000018e+00 -9.859940182040658474e-01
2.029999999999999805e+00 -1.569826447744080200e+00
2.040000000000000036e+00 -1.973257783884546424e+00
2.049999999999999822e+00 -2.061413928715782440e+00
2.060000000000000053e+00 -1.893287807751746543e+00
2.069999999999999840e+00 -1.557127525723664530e+00
2.080000000000000071e+00 -1.083658275068005494e+00
2.089999999999999858e+00 -6.658618742592750106e-01
2.100000000000000089e+00 -3.151439244351048607e-01
2.109999999999999876e+00 1.201668382344303065e-01
2.120000000000000107e+00 5.389418088592798917e-01
2.129999999999999893e+00 7.947010820042652579e-01
2.140000000000000124e+00 1.023158818791736202e+00
2.149999999999999911e+00 1.091548442354644211e+00
2.160000000000000142e+00 1.032127239294023946e+00
2.169999999999999929e+00 9.617193839140097955e-01
2.180000000000000160e+00 9.125272979533003426e-01
2.189999999999999947e+00 7.035173998366507364e-01
2.200000000000000178e+00 3.599452714171311740e-01
2.209999999999999964e+00 -4.420218690857868893e-02
2.220000000000000195e+00 -4.464105135156652970e-01
2.229999999999999982e+00 -6.213970721058870161e-01
2.240000000000000213e+00 -8.468966467778181739e-01
2.250000000000000000e+00 -1.153908528746746764e+00
2.259999999999999787e+00 -1.235413712053822000e+00
2.270000000000000018e+00 -1.196348876984085319e+00
2.279999999999999805e+00 -1.132662650594392195e+00
2.290000000000000036e+00 -9.285874101888005328e-01
2.299999999999999822e+00 -5.606245881426499267e-01
2.310000000000000053e+00 -2.277428185392351701e-01
2.319999999999999840e+00 -5.583245337755782245e-03
2.330000000000000071e+00 4.041224711460906227e-01
2.339999999999999858e+00 8.557536466649531270e-01
2.350000000000000089e+00 1.108142490540904745e+00
2.359999999999999876e+00 1.327040556717317354e+00
2.370000000000000107e+00 1.338554944844294603e+00
2.379999999999999893e+00 1.261851877464964300e+00
2.390000000000000124e+00 1.076816901218261346e+00
2.399999999999999911e+00 8.143854582716674173e-01
2.410000000000000142e+00 4.995289769682051961e-01
2.419999999999999929e+00 1.756792248887313335e-01
2.430000000000000160e+00 -7.329369833289511860e-02
2.439999999999999947e+00 -3.177252117004980558e-01
2.450000000000000178e+00 -5.579583530256142510e-01
2.459999999999999964e+00 -7.146934166449918635e-01
2.470000000000000195e+00 -8.757221406659527752e-01
2.479999999999999982e+00 -9.549936083090799777e-01
2.490000000000000213e+00 -7.888494635467115934e-01
2.500000000000000000e+00 -6.813096353098431202e-01
2.509999999999999787e+00 -5.815384951165716299e-01
2.520000000000000018e+00 -4.417894082309885562e-01
2.529999999999999805e+00 -3.270381417837024962e-01
2.540000000000000036e+00 -1.122488824931373586e-01
2.549999999999999822e+00 2.604348017464794829e-01
2.560000000000000053e+00 4.783378892874976529e-01
2.569999999999999840e+00 7.088169985260921457e-01
2.580000000000000071e+00 7.301660427914220541e-01
2.589999999999999858e+00 5.999538411310714192e-01
2.600000000000000089e+00 4.461861124627144459e-01
2.609999999999999876e+00 2.297497668369029578e-01
2.620000000000000107e+00 1.575073697219846469e-01
2.629999999999999893e+00 -9.546891468806717462e-02
2.640000000000000124e+00 -2.379896753117658470e-01
2.649999999999999911e+00 -2.978303524132759339e-01
2.660000000000000142e+00 -4.887785671680673349e-01
2.669999999999999929e+00 -5.569609994167814548e-01
2.680000000000000160e+00 -5.986302330050297105e-01
2.689999999999999947e+00 -5.984297214123879272e-01
2.700000000000000178e+00 -3.742164204097087055e-01
2.709999999999999964e+00 -2.185265559485687348e-01
2.720000000000000195e+00 -7.775165457846777706e-02
2.729999999999999982e+00 1.352414835223567646e-01
2.740000000000000213e+00 2.398772693201361994e-01
2.750000000000000000e+00 1.927001598747768440e-01
2.759999999999999787e+00 3.429340837554972765e-03
2.770000000000000018e+00 1.850730001754263832e-02
2.779999999999999805e+00 1.284027131804250654e-01
2.790000000000000036e+00 2.746054623033309383e-01
2.799999999999999822e+00 4.706000614990356601e-01
2.810000000000000053e+00 6.256931932899419957e-01
2.819999999999999840e+00 7.147231236826776524e-01
2.830000000000000071e+00 8.146098003160795464e-01
2.839999999999999858e+00 6.538942247027142995e-01
2.850000000000000089e+00 3.642699826948786468e-01
2.859999999999999876e+00 2.722670697297944198e-01
2.870000000000000107e+00 6.109585871108391686e-02
2.879999999999999893e+00 -2.276168685120731894e-01
2.890000000000000124e+00 -4.519669679349260782e-01
2.899999999999999911e+00 -4.942158240052466622e-01
2.910000000000000142e+00 -5.771566717010614411e-01
2.919999999999999929e+00 -7.394151232961718723e-01
2.930000000000000160e+00 -6.292115301183152098e-01
2.939999999999999947e+00 -4.797716346384750530e-01
2.950000000000000178e+00 -4.247970659767434931e-01
2.959999999999999964e+00 -3.695842299336070669e-01
2.970000000000000195e+00 -2.304256436627278859e-01
2.979999999999999982e+00 -5.269687500837050287e-02
2.990000000000000213e+00 -5.505201314511154465e-03
3.000000000000000000e+00 -7.749082973995635726e-02
3.009999999999999787e+00 -9.484690329599176906e-02
3.020000000000000018e+00 -4.345984057762652952e-02
3.029999999999999805e+00 7.087451502971901796e-02
3.040000000000000036e+00 2.743465224041200523e-01
3.049999999999999822e+00 4.592400992218226286e-01
3.060000000000000053e+00 4.306738805784984248e-01
3.069999999999999840e+00 3.533560696919861854e-01
3.080000000000000071e+00 3.992989410572704845e-01
3.089999999999999858e+00 2.626382805334435133e-01
3.100000000000000089e+00 1.025565677983759638e-01
3.109999999999999876e+00 -3.079199927933817804e-03
3.120000000000000107e+00 -1.160054591019634707e-01
3.129999999999999893e+00 -3.678687104342308611e-01
3.140000000000000124e+00 -4.930792981539024455e-01
3.149999999999999911e+00 -4.456220954116090205e-01
3.160000000000000142e+00 -3.502209323324838586e-01
3.169999999999999929e+00 -3.027077323147073784e-01
3.180000000000000160e+00 -2.005141234618461610e-01
3.189999999999999947e+00 -9.896409728022409480e-02
3.200000000000000178e+00 -1.661661902078674369e-01
3.209999999999999964e+00 -2.029556431036511066e-01
3.220000000000000195e+00 -8.165030434614850563e-02
3.229999999999999982e+00 1.305266396224791237e-01
3.240000000000000213e+00 1.089999007517328256e-01
3.250000000000000000e+00 1.105271019283349254e-01
3.259999999999999787e+00 2.515543635091175290e-01
3.270000000000000018e+00 3.087331943421836034e-01
3.279999999999999805e+00 2.600260206081693726e-01
3.290000000000000036e+00 3.428255184569516389e-01
3.299999999999999822e+00 4.831381607217105634e-01
3.310000000000000053e+00 4.266811774615724695e-01
3.319999999999999840e+00 2.704396523394191343e-01
3.330000000000000071e+00 4.910199558933892039e-02
3.339999999999999858e+00 -1.249873613185962240e-01
3.350000000000000089e+00 -1.759884607749365726e-01
3.359999999999999876e+00 -1.142769906130488566e-01
3.370000000000000107e+00 -7.370756587757987255e-02
3.379999999999999893e+00 -2.128686681188447505e-01
3.390000000000000124e+00 -4.135194533371199244e-01
3.399999999999999911e+00 -6.135889026235272770e-01
3.410000000000000142e+00 -6.327780625895562672e-01
3.419999999999999929e+00 -3.707143703123078615e-01
3.430000000000000160e+00 -2.152325168109910924e-01
3.439999999999999947e+00 -1.666381036791559911e-01
3.450000000000000178e+00 3.415134995396507112e-02
3.459999999999999964e+00 2.173839512252697670e-01
3.470000000000000195e+00 3.896367812766619032e-01
3.479999999999999982e+00 5.446410474693141879e-01
3.490000000000000213e+00 6.624419958103862083e-01
3.500000000000000000e+00 6.822544439031272834e-01
3.509999999999999787e+00 5.703430531072908316e-01
3.520000000000000018e+00 4.595184481293626555e-01
3.529999999999999805e+00 2.898191242700668413e-01
3.540000000000000036e+00 1.298805191147780480e-01
3.549999999999999822e+00 -6.986611131577269429e-02
3.560000000000000053e+00 -3.771463313298182296e-01
3.569999999999999840e+00 -7.428386992741897732e-01
3.580000000000000071e+00 -1.140278529730685442e+00
3.589999999999999858e+00 -1.389906926012086874e+00
3.600000000000000089e+00 -1.496748170800906941e+00
3.609999999999999876e+00 -1.480824124509387163e+00
3.620000000000000107e+00 -1.344306146756043319e+00
3.629999999999999893e+00 -9.981012484469544699e-01
3.640000000000000124e+00 -6.102002964754551506e-01
3.649999999999999911e+00 -1.800443051721011822e-01
3.660000000000000142e+00 3.085233472787271558e-01
3.669999999999999929e+00 7.500948727733496302e-01
3.680000000000000160e+00 1.138483297064219135e+00
3.689999999999999947e+00 1.373468715959188513e+00
3.700000000000000178e+00 1.596165957632129873e+00
3.709999999999999964e+00 1.714507922248036165e+00
3.720000000000000195e+00 1.525291336663583852e+00
3.729999999999999982e+00 1.253408543934350083e+00
3.740000000000000213e+00 1.007281963977594730e+00
3.750000000000000000e+00 6.492228171072962351e-01
3.759999999999999787e+00 2.201311021192582373e-01
3.770000000000000018e+00 -1.699579178164503102e-01
3.779999999999999805e+00 -3.886517935915175248e-01
3.790000000000000036e+00 -6.446710792975955950e-01
3.799999999999999822e+00 -1.016442795168368329e+00
3.810000000000000053e+00 -1.346297774025763339e+00
3.819999999999999840e+00 -1.427856643550582616e+00
3.830000000000000071e+00 -1.315319979680990903e+00
3.839999999999999858e+00 -1.259927012942416269e+00
3.850000000000000089e+00 -9.642710079348355556e-01
3.859999999999999876e+00 -5.022795400593269566e-01
3.870000000000000107e+00 -1.156553103359680978e-01
3.879999999999999893e+00 2.357860634005271572e-01
3.890000000000000124e+00 5.467388500423864262e-01
3.899999999999999911e+00 9.279319031130934814e-01
3.910000000000000142e+00 1.356486241301126938e+00
3.919999999999999929e+00 1.657782294940691514e+00
3.930000000000000160e+00 1.688791939246444773e+00
3.939999999999999947e+00 1.566028170373792605e+00
3.950000000000000178e+00 1.111445929044736936e+00
3.959999999999999964e+00 4.783693737518858735e-01
3.970000000000000195e+00 -1.627527678883408102e-01
3.979999999999999982e+00 -6.696788464660888840e-01
3.990000000000000213e+00 -1.133166023128658662e+00
4.000000000000000000e+00 -1.572347277364710916e+00
4.009999999999999787e+00 -1.844176822168880570e+00
4.019999999999999574e+00 -1.931462802329184436e+00
4.030000000000000249e+00 -1.754091225945489718e+00
4.040000000000000036e+00 -1.498498470201887756e+00
4.049999999999999822e+00 -1.327208113463336003e+00
4.059999999999999609e+00 -1.071935261666487893e+00
4.070000000000000284e+00 -4.607593174793208624e-01
4.080000000000000071e+00 3.255370547053897945e-01
4.089999999999999858e+00 1.117001722336292024e+00
4.099999999999999645e+00 1.624583725945643931e+00
4.110000000000000320e+00 1.970493660751029719e+00
4.120000000000000107e+00 2.162551022715876847e+00
4.129999999999999893e+00 2.121891000439956265e+00
4.139999999999999680e+00 1.947822641205863903e+00
4.150000000000000355e+00 1.523797929369228310e+00
4.160000000000000142e+00 9.830061011663063786e-01
4.169999999999999929e+00 4.792348117656015649e-01
4.179999999999999716e+00 -1.325798655208934029e-01
4.190000000000000391e+00 -8.150204435370684841e-01
4.200000000000000178e+00 -1.337007637032576080e+00
4.209999999999999964e+00 -1.652228935290478429e+00
4.219999999999999751e+00 -1.767653114866277964e+00
4.230000000000000426e+00 -1.751984140222687225e+00
4.240000000000000213e+00 -1.498791201915397275e+00
4.250000000000000000e+00 -1.067426044094866855e+00
4.259999999999999787e+00 -6.062535423478152552e-01
4.269999999999999574e+00 -1.430106102122500333e-01
4.280000000000000249e+00 1.801739964853865117e-01
4.290000000000000036e+00 5.689595880782456483e-01
4.299999999999999822e+00 8.871267577034256391e-01
4.309999999999999609e+00 1.077084356183147573e+00
4.320000000000000284e+00 1.259394333963664625e+00
4.330000000000000071e+00 1.415790621174289221e+00
4.339999999999999858e+00 1.274315799813134475e+00
4.349999999999999645e+00 1.012675581635665623e+00
4.360000000000000320e+00 5.963089121799186598e-01
4.370000000000000107e+00 8.669070901991490774e-02
4.379999999999999893e+00 -2.362277697336394588e-01
4.389999999999999680e+00 -5.038770471508846605e-01
4.400000000000000355e+00 -8.416630614493910700e-01
4.410000000000000142e+00 -1.213710614288792122e+00
4.419999999999999929e+00 -1.347201052852935899e+00
4.429999999999999716e+00 -1.503595561374605261e+00
4.440000000000000391e+00 -1.589518580814404780e+00
4.450000000000000178e+00 -1.302585633732202819e+00
4.459999999999999964e+00 -9.190091401764441947e-01
4.469999999999999751e+00 -5.549507313850972068e-01
4.480000000000000426e+00 -4.023054800547054555e-02
4.490000000000000213e+00 5.081720819698105629e-01
4.500000000000000000e+00 9.816153073879685387e-01
4.509999999999999787e+00 1.334899380460740081e+00
4.519999999999999574e+00 1.522623578949432899e+00
4.530000000000000249e+00 1.653578343804537942e+00
4.540000000000000036e+00 1.544612096404887946e+00
4.549999999999999822e+00 1.236624317500135684e+00
4.559999999999999609e+00 8.537487120145942354e-01
4.570000000000000284e+00 4.131180186231082074e-01
4.580000000000000071e+00 -6.484528536017897249e-02
4.589999999999999858e+00 -4.758977054185886679e-01
4.599999999999999645e+00 -7.821983194083225177e-01
4.610000000000000320e+00 -9.865269980812785278e-01
4.620000000000000107e+00 -1.280948633639562573e+00
4.629999999999999893e+00 -1.439799814875524664e+00
4.639999999999999680e+00 -1.270113161976804017e+00
4.650000000000000355e+00 -1.051232411387391430e+00
4.660000000000000142e+00 -6.901405456322973198e-01
4.669999999999999929e+00 -4.472862373517645374e-01
4.679999999999999716e+00 -2.674507748451890876e-01
4.690000000000000391e+00 6.805222964460755364e-02
4.700000000000000178e+00 5.917029494524161937e-01
4.709999999999999964e+00 1.033614134644400995e+00
4.719999999999999751e+00 1.220833914477279958e+00
4.730000000000000426e+00 1.234059902098590067e+00
4.740000000000000213e+00 1.198079835696592266e+00
4.750000000000000000e+00 1.219618562659325889e+00
4.759999999999999787e+00 1.155302132213091193e+00
4.769999999999999574e+00 9.471887510442889013e-01
4.780000000000000249e+00 6.248617450792104400e-01
4.790000000000000036e+00 2.652775167084244767e-01
4.799999999999999822e+00 -1.840494906355263360e-01
4.809999999999999609e+00 -7.734836928223411956e-01
4.820000000000000284e+00 -1.215761408414917977e+00
4.830000000000000071e+00 -1.329675987145769511e+00
4.839999999999999858e+00 -1.332432522807204034e+00
4.849999999999999645e+00 -1.453787420978139400e+00
4.860000000000000320e+00 -1.493671581505317425e+00
4.870000000000000107e+00 -1.281254673284309753e+00
4.879999999999999893e+00 -1.082669137602817022e+00
4.889999999999999680e+00 -7.669204700148868348e-01
4.900000000000000355e+00 -2.708011300567343405e-01
4.910000000000000142e+00 3.197380537223784014e-01
4.919999999999999929e+00 6.963429268615983769e-01
4.929999999999999716e+00 7.712574449767102269e-01
4.940000000000000391e+00 9.043315813526155988e-01
4.950000000000000178e+00 1.095481918649349629e+00
4.959999999999999964e+00 1.050212967852535373e+00
4.969999999999999751e+00 9.053432952210935802e-01
4.980000000000000426e+00 7.574920526858428538e-01
4.990000000000000213e+00 5.649040433554552987e-01
5.000000000000000000e+00 2.508092764571316913e-01
5.009999999999999787e+00 2.192448852161099637e-02
5.019999999999999574e+00 -1.876647184067878338e-01
5.030000000000000249e+00 -6.236591842696026511e-01
5.040000000000000036e+00 -8.321413427085035952e-01
5.049999999999999822e+00 -9.078447601686328028e-01
5.059999999999999609e+00 -1.066984278831123678e+00
5.070000000000000284e+00 -1.120258289389443496e+00
5.080000000000000071e+00 -1.016630596312592782e+00
5.089999999999999858e+00 -7.413885986805435202e-01
5.099999999999999645e+00 -4.775351700827901169e-01
5.110000000000000320e+00 -2.980998989015848921e-01
5.120000000000000107e+00 7.660845212854572317e-02
5.129999999999999893e+00 5.558102444518330243e-01
5.139999999999999680e+00 9.404179185379186734e-01
5.150000000000000355e+00 1.235027374548005819e+00
5.160000000000000142e+00 1.487148005284732566e+00
5.169999999999999929e+00 1.727952902766089593e+00
5.179999999999999716e+00 1.686963551237025793e+00
5.190000000000000391e+00 1.435756866583989488e+00
5.200000000000000178e+00 1.172262238129203382e+00
5.209999999999999964e+00 7.884385159223975537e-01
5.219999999999999751e+00 3.329025234692941648e-01
5.230000000000000426e+00 -1.759472222655954488e-01
5.240000000000000213e+00 -7.593776374116277816e-01
5.250000000000000000e+00 -1.252481675158314101e+00
5.259999999999999787e+00 -1.572809416587712006e+00
5.269999999999999574e+00 -1.712833868060584130e+00
5.280000000000000249e+00 -1.714674266591875496e+00
5.290000000000000036e+00 -1.633913784491442645e+00
5.299999999999999822e+00 -1.357551061226277334e+00
5.309999999999999609e+00 -1.095067527988965228e+00
5.320000000000000284e+00 -7.872423753885711140e-01
5.330000000000000071e+00 -3.517011314380938947e-01
5.339999999999999858e+00 4.578563382289968509e-02
5.349999999999999645e+00 4.770096572316629979e-01
5.360000000000000320e+00 8.096440810493601425e-01
5.370000000000000107e+00 9.856855646282354222e-01
5.379999999999999893e+00 1.114104488904652079e+00
5.389999999999999680e+00 1.213788922824760697e+00
5.400000000000000355e+00 1.125705981195194827e+00
5.410000000000000142e+00 8.587528188527591144e-01
5.419999999999999929e+00 4.386438228697100428e-01
5.429999999999999716e+00 8.692832740325084906e-02
5.440000000000000391e+00 -1.260823428794322076e-01
5.450000000000000178e+00 -3.194156405691668255e-01
5.459999999999999964e+00 -5.750049441108182613e-01
5.469999999999999751e+00 -7.554866873930141669e-01
5.480000000000000426e+00 -8.801136791376467094e-01
5.490000000000000213e+00 -1.154376477553936464e+00
5.500000000000000000e+00 -1.227912034022518251e+00
5.509999999999999787e+00 -9.171603217111612416e-01
5.519999999999999574e+00 -6.790932933838060848e-01
5.530000000000000249e+00 -4.741700826180965667e-01
5.540000000000000036e+00 -8.525377145235268905e-02
5.549999999999999822e+00 2.972233142454796528e-01
5.559999999999999609e+00 7.804191287639830055e-01
5.570000000000000284e+00 1.277392698412932237e+00
5.580000000000000071e+00 1.649622207306989052e+00
5.589999999999999858e+00 1.839846739979767332e+00
5.599999999999999645e+00 1.789044672798752345e+00
5.610000000000000320e+00 1.672363993114401648e+00
5.620000000000000107e+00 1.308055914111848628e+00
5.629999999999999893e+00 8.934027953384882093e-01
5.639999999999999680e+00 4.364979068276264584e-01
5.650000000000000355e+00 -1.511895602632586932e-01
5.660000000000000142e+00 -6.954462422967613300e-01
5.669999999999999929e+00 -1.162682064051094866e+00
5.679999999999999716e+00 -1.482712713045370778e+00
5.690000000000000391e+00 -1.547005686575783523e+00
5.700000000000000178e+00 -1.452493749315008964e+00
5.709999999999999964e+00 -1.302735769048324554e+00
5.719999999999999751e+00 -9.819252060107837021e-01
5.730000000000000426e+00 -6.673906075653601722e-01
5.740000000000000213e+00 -5.016051450324208183e-01
5.750000000000000000e+00 -1.990738367057951486e-01
5.759999999999999787e+00 1.192198128531640755e-02
5.769999999999999574e+00 1.208913605006842751e-01
5.780000000000000249e+00 3.087464994834072662e-01
5.790000000000000036e+00 7.039899118181831561e-01
5.799999999999999822e+00 8.614393538006868134e-01
5.809999999999999609e+00 7.407502183896392811e-01
5.820000000000000284e+00 7.841951332870209512e-01
5.830000000000000071e+00 8.838159421441393881e-01
5.839999999999999858e+00 8.704976378712412366e-01
5.849999999999999645e+00 6.645656639900835438e-01
5.860000000000000320e+00 2.440170759565467584e-01
5.870000000000000107e+00 -1.180415492878719164e-01
5.879999999999999893e+00 -4.485638276702351157e-01
5.889999999999999680e+00 -7.573961453753041972e-01
5.900000000000000355e+00 -9.205946207342979859e-01
5.910000000000000142e+00 -9.679554547323201419e-01
5.919999999999999929e+00 -9.673235874428824932e-01
5.929999999999999716e+00 -9.806286276279849723e-01
5.940000000000000391e+00 -8.689510733214493854e-01
5.950000000000000178e+00 -5.575481306015412919e-01
5.959999999999999964e+00 -2.207100705411937369e-01
5.969999999999999751e+00 7.327026740852915498e-02
5.980000000000000426e+00 4.485243121944154643e-01
5.990000000000000213e+00 6.744541687613618830e-01
6.000000000000000000e+00 8.865571028034361367e-01
6.009999999999999787e+00 1.063132680975519939e+00
6.019999999999999574e+00 1.164474766880362555e+00
6.030000000000000249e+00 1.144064616125062939e+00
6.040000000000000036e+00 9.699004848260015521e-01
6.049999999999999822e+00 8.408895851003321820e-01
6.059999999999999609e+00 6.981742650383693238e-01
6.070000000000000284e+00 4.107156816024361001e-01
6.080000000000000071e+00 8.867582446720201350e-02
6.089999999999999858e+00 -2.217422386723432726e-01
6.099999999999999645e+00 -4.207928093435834294e-01
6.110000000000000320e+00 -7.686038819608074224e-01
6.120000000000000107e+00 -1.112163508073304552e+00
6.129999999999999893e+00 -1.068587294244439878e+00
6.139999999999999680e+00 -1.022533591303496525e+00
6.150000000000000355e+00 -9.554951755172877981e-01
6.160000000000000142e+00 -7.123056450509293036e-01
6.169999999999999929e+00 -4.350271514792252159e-01
6.179999999999999716e+00 -8.266400747192537146e-02
6.190000000000000391e+00 2.312875642754738670e-01
6.200000000000000178e+00 4.713054218299193021e-01
6.209999999999999964e+00 5.327899436508947151e-01
6.219999999999999751e+00 4.993303984521802463e-01
6.230000000000000426e+00 4.850692649438953508e-01
6.240000000000000213e+00 4.271174430586036630e-01
6.250000000000000000e+00 3.197861627118961936e-01
6.259999999999999787e+00 2.045341662338043820e-01
6.269999999999999574e+00 3.307312201910878047e-02
6.280000000000000249e+00 -1.068161688890202354e-01
6.290000000000000036e+00 -2.258172985378396058e-01
6.299999999999999822e+00 -2.741358252272765306e-01
6.309999999999999609e+00 -2.259159642174943805e-01
6.320000000000000284e+00 -2.284683719354020370e-01
6.330000000000000071e+00 -3.395022007095229721e-01
6.339999999999999858e+00 -4.385037696175482225e-01
6.349999999999999645e+00 -4.725538743072971171e-01
6.360000000000000320e+00 -4.780649862711753850e-01
6.370000000000000107e+00 -5.114680274899980894e-01
6.379999999999999893e+00 -4.874402519573003412e-01
6.389999999999999680e+00 -3.973829787153709270e-01
6.400000000000000355e+00 -3.730011842207205941e-01
6.410000000000000142e+00 -2.970712916209444776e-01
6.419999999999999929e+00 -1.313223642176715167e-01
6.429999999999999716e+00 4.755088483336078475e-02
6.440000000000000391e+00 3.583103208836877496e-01
6.450000000000000178e+00 5.988347352189588024e-01
6.459999999999999964e+00 6.499309364999862337e-01
6.469999999999999751e+00 8.592964779196587966e-01
6.480000000000000426e+00 1.055323470043449730e+00
6.490000000000000213e+00 1.073058579098107312e+00
6.500000000000000000e+00 9.642263620407329761e-01
6.509999999999999787e+00 9.021274239586125621e-01
6.519999999999999574e+00 7.097756962700834116e-01
6.530000000000000249e+00 4.804339488231073041e-01
6.540000000000000036e+00 3.532314120091097909e-01
6.549999999999999822e+00 2.243944034174398805e-01
6.559999999999999609e+00 -5.302617201738590857e-02
6.570000000000000284e+00 -3.134490557887064099e-01
6.580000000000000071e+00 -4.564448750434831892e-01
6.589999999999999858e+00 -7.137596544156945555e-01
6.599999999999999645e+00 -1.142854117986610962e+00
6.610000000000000320e+00 -1.361719610673912229e+00
6.620000000000000107e+00 -1.301054457637705664e+00
6.629999999999999893e+00 -1.119747814076064163e+00
6.639999999999999680e+00 -9.824709521006456114e-01
6.650000000000000355e+00 -8.143084551730120912e-01
6.660000000000000142e+00 -3.933437105163415382e-01
6.669999999999999929e+00 2.095928458808871131e-02
6.679999999999999716e+00 2.469022693382861011e-01
6.690000000000000391e+00 4.434481823727582928e-01
6.700000000000000178e+00 7.703247519652509645e-01
6.709999999999999964e+00 8.648297487854331722e-01
6.719999999999999751e+00 7.750082643519132786e-01
6.730000000000000426e+00 6.820374548740404386e-01
6.740000000000000213e+00 4.760329690266457137e-01
6.750000000000000000e+00 2.245128560566491682e-01
6.759999999999999787e+00 3.086920231507539122e-02
6.769999999999999574e+00 -2.113002564489359081e-01
6.780000000000000249e+00 -5.382294505055496003e-01
6.790000000000000036e+00 -7.776569028519757509e-01
6.799999999999999822e+00 -8.562274138943362090e-01
6.809999999999999609e+00 -8.047758295135554185e-01
6.820000000000000284e+00 -6.624339631212803337e-01
6.830000000000000071e+00 -5.254720259528211646e-01
6.839999999999999858e+00 -4.026639877906135201e-01
6.849999999999999645e+00 -2.716582090584181985e-01
6.860000000000000320e+00 -2.467237033128921730e-02
6.870000000000000107e+00 2.739939929536038266e-01
6.879999999999999893e+00 6.038391581881592529e-01
6.889999999999999680e+00 7.854790568069310863e-01
6.900000000000000355e+00 8.927700470022830181e-01
6.910000000000000142e+00 9.073814858194108046e-01
6.919999999999999929e+00 9.455943909309567630e-01
6.929999999999999716e+00 1.032751738709887457e+00
6.940000000000000391e+00 9.900331447875680979e-01
6.950000000000000178e+00 7.932484841240647899e-01
6.959999999999999964e+00 4.253114900507903862e-01
6.969999999999999751e+00 1.834925033210415002e-01
6.980000000000000426e+00 1.003753308198234162e-01
6.990000000000000213e+00 -2.298587986314106768e-01
7.000000000000000000e+00 -5.422030388081666707e-01
7.009999999999999787e+00 -7.399702801870264857e-01
7.019999999999999574e+00 -8.700634298619975837e-01
7.030000000000000249e+00 -8.969204291782228999e-01
7.040000000000000036e+00 -1.020239078581450132e+00
7.049999999999999822e+00 -9.903600344831995361e-01
7.059999999999999609e+00 -7.589671555898099831e-01
7.070000000000000284e+00 -6.215220380166210923e-01
7.080000000000000071e+00 -3.882158307137100195e-01
7.089999999999999858e+00 -5.333119895663362975e-02
7.099999999999999645e+00 3.346022418873624282e-01
7.110000000000000320e+00 5.680111643889071971e-01
7.120000000000000107e+00 6.534894700116831157e-01
7.129999999999999893e+00 7.973449478771253984e-01
7.139999999999999680e+00 8.837484091880279946e-01
7.150000000000000355e+00 6.339815320170613111e-01
7.160000000000000142e+00 2.812636558296958689e-01
7.169999999999999929e+00 2.510424520884801947e-02
7.179999999999999716e+00 -2.047282627474299455e-01
7.190000000000000391e+00 -3.843894944507538769e-01
7.200000000000000178e+00 -7.230332534509164022e-01
7.209999999999999964e+00 -1.050085894135295739e+00
7.219999999999999751e+00 -1.219518652073970033e+00
7.230000000000000426e+00 -1.186683647261656427e+00
7.240000000000000213e+00 -1.029671905177385938e+00
7.250000000000000000e+00 -7.436529773389810583e-01
7.259999999999999787e+00 -2.872888245589764189e-01
7.269999999999999574e+00 1.403495624170267297e-01
7.280000000000000249e+00 3.872143929136470097e-01
7.290000000000000036e+00 6.840776533710102303e-01
7.299999999999999822e+00 9.431248383123155277e-01
7.309999999999999609e+00 1.200089280190623997e+00
7.320000000000000284e+00 1.420685001018888283e+00
7.330000000000000071e+00 1.414480947071961259e+00
7.339999999999999858e+00 1.222852164170778133e+00
7.349999999999999645e+00 9.274278846506927021e-01
7.360000000000000320e+00 6.346868212914684726e-01
7.370000000000000107e+00 3.854254670748704092e-01
7.379999999999999893e+00 1.493987353615054969e-01
7.389999999999999680e+00 -1.337599880589073198e-01
7.400000000000000355e+00 -4.582021243950037404e-01
7.410000000000000142e+00 -6.833448040082858999e-01
7.419999999999999929e+00 -8.725508429288602041e-01
7.429999999999999716e+00 -9.638724990736217135e-01
7.440000000000000391e+00 -8.823932038411511636e-01
7.450000000000000178e+00 -8.133651120124295586e-01
7.459999999999999964e+00 -9.100367210423019326e-01
7.469999999999999751e+00 -7.972211884258301184e-01
7.480000000000000426e+00 -4.160418926188473865e-01
7.490000000000000213e+00 -1.171528875191554797e-01
7.500000000000000000e+00 1.903047482923533873e-01
7.509999999999999787e+00 7.016366556161295343e-01
7.519999999999999574e+00 9.395879472599850679e-01
7.530000000000000249e+00 9.204556775599870289e-01
7.540000000000000036e+00 9.638310693911720239e-01
7.549999999999999822e+00 9.933594346008078890e-01
7.559999999999999609e+00 8.592552559147084157e-01
7.570000000000000284e+00 6.378482334786901298e-01
7.580000000000000071e+00 3.578434338745586363e-01
7.589999999999999858e+00 -5.888104610781685899e-02
7.599999999999999645e+00 -4.704231163931280602e-01
7.610000000000000320e+00 -8.656033620402743267e-01
7.620000000000000107e+00 -1.046180874594121679e+00
7.629999999999999893e+00 -1.206119885051513574e+00
7.639999999999999680e+00 -1.355094410765374180e+00
7.650000000000000355e+00 -1.181650663953693003e+00
7.660000000000000142e+00 -8.084931334132655634e-01
7.669999999999999929e+00 -5.423881145262952064e-01
7.679999999999999716e+00 -3.155252249378427964e-01
7.690000000000000391e+00 9.269173312956624500e-03
7.700000000000000178e+00 4.318551838151720723e-01
7.709999999999999964e+00 6.250216375547157366e-01
7.719999999999999751e+00 7.899140853866035705e-01
7.730000000000000426e+00 9.783862725286360806e-01
7.740000000000000213e+00 9.974361962363236245e-01
7.750000000000000000e+00 9.202934955537114270e-01
7.759999999999999787e+00 7.244356037699501982e-01
7.769999999999999574e+00 3.921985585682485898e-01
7.780000000000000249e+00 1.611861876064044630e-01
7.790000000000000036e+00 9.911403485186731643e-02
7.799999999999999822e+00 -5.323042794852561599e-02
7.809999999999999609e+00 -2.825682231534711875e-01
7.820000000000000284e+00 -4.072173332955184577e-01
7.830000000000000071e+00 -5.039357024955040121e-01
7.839999999999999858e+00 -6.142384342852951207e-01
7.849999999999999645e+00 -6.804011586633071929e-01
7.860000000000000320e+00 -5.896771782207541612e-01
7.870000000000000107e+00 -4.051926796669724773e-01
7.879999999999999893e+00 -9.515176357864829626e-02
7.889999999999999680e+00 2.340985751292197214e-01
7.900000000000000355e+00 4.792091588545066561e-01
7.910000000000000142e+00 6.271466479238174685e-01
7.919999999999999929e+00 5.971744828353453549e-01
7.929999999999999716e+00 5.572252739104328612e-01
7.940000000000000391e+00 6.185945547760716146e-01
7.950000000000000178e+00 6.116387661768074580e-01
7.959999999999999964e+00 5.895197785873560470e-01
7.969999999999999751e+00 4.037344618763776261e-01
7.980000000000000426e+00 1.639760191340153828e-01
7.990000000000000213e+00 -7.593815919930180236e-02
8.000000000000000000e+00 -2.857714040788966736e-01
8.009999999999999787e+00 -5.115621144729500802e-01
8.019999999999999574e+00 -8.453006650172880665e-01
8.029999999999999361e+00 -9.567660708894298871e-01
8.039999999999999147e+00 -8.447992581290140190e-01
8.050000000000000711e+00 -7.528221091334239556e-01
8.060000000000000497e+00 -7.946128137321144536e-01
8.070000000000000284e+00 -7.212942518990199670e-01
8.080000000000000071e+00 -6.582612858524639066e-01
8.089999999999999858e+00 -5.592934352846488100e-01
8.099999999999999645e+00 -4.486669868072254985e-01
8.109999999999999432e+00 -1.758928279661777783e-01
8.119999999999999218e+00 7.574110322019245167e-02
8.130000000000000782e+00 1.991909396295593604e-01
8.140000000000000568e+00 3.345701508330218843e-01
8.150000000000000355e+00 3.603473058513799732e-01
8.160000000000000142e+00 4.166659343569529828e-01
8.169999999999999929e+00 6.422060265679025992e-01
8.179999999999999716e+00 8.887561355571786947e-01
8.189999999999999503e+00 9.914127907183449828e-01
8.199999999999999289e+00 8.183377129834591424e-01
8.210000000000000853e+00 5.158871382419842888e-01
8.220000000000000639e+00 3.932093716882518186e-01
8.230000000000000426e+00 2.124280038604792198e-01
8.240000000000000213e+00 -3.153564266947850303e-02
8.250000000000000000e+00 -1.934374707850421427e-01
8.259999999999999787e+00 -2.797105764241183401e-01
8.269999999999999574e+00 -3.277909874715190242e-01
8.279999999999999361e+00 -3.447050369245610035e-01
8.289999999999999147e+00 -3.493339498303994484e-01
8.300000000000000711e+00 -5.055501979856864558e-01
8.310000000000000497e+00 -6.484225996301595796e-01
8.320000000000000284e+00 -6.010061987098707093e-01
8.330000000000000071e+00 -3.929179535079501129e-01
8.339999999999999858e+00 -1.174710069453248629e-01
8.349999999999999645e+00 3.032219704048656483e-01
8.359999999999999432e+00 8.117800688355965022e-01
8.369999999999999218e+00 1.157337558787669307e+00
8.380000000000000782e+00 1.227540336357886730e+00
8.390000000000000568e+00 1.096773235651403500e+00
8.400000000000000355e+00 8.624936499012885172e-01
8.410000000000000142e+00 4.721476083464630769e-01
8.419999999999999929e+00 6.879919965747501032e-02
8.429999999999999716e+00 -3.359805050279677241e-01
8.439999999999999503e+00 -7.657547972112408452e-01
8.449999999999999289e+00 -1.098006957927780247e+00
8.460000000000000853e+00 -1.244105626071058346e+00
8.470000000000000639e+00 -1.307486220650175390e+00
8.480000000000000426e+00 -1.372946845887589973e+00
8.490000000000000213e+00 -1.350262665571019483e+00
8.500000000000000000e+00 -1.067344580507309626e+00
8.509999999999999787e+00 -6.532554214774544121e-01
8.519999999999999574e+00 -2.445932704043611849e-01
8.529999999999999361e+00 1.774335941967057906e-01
8.539999999999999147e+00 5.147974120276326282e-01
8.550000000000000711e+00 6.887169414570255555e-01
8.560000000000000497e+00 7.866983256187300988e-01
8.570000000000000284e+00 9.504920946282986449e-01
8.580000000000000071e+00 9.529994330606657016e-01
8.589999999999999858e+00 8.564695262433081879e-01
8.599999999999999645e+00 8.347815835587724109e-01
8.609999999999999432e+00 7.928572613275610692e-01
8.619999999999999218e+00 5.760916828836459835e-01
8.630000000000000782e+00 1.757916496578673105e-01
8.640000000000000568e+00 -2.244158988080511286e-01
8.650000000000000355e+00 -5.858087686459687582e-01
8.660000000000000142e+00 -7.333854065109974840e-01
8.669999999999999929e+00 -7.975448940384146645e-01
8.679999999999999716e+00 -9.243910840011726471e-01
8.689999999999999503e+00 -9.913567723149001587e-01
8.699999999999999289e+00 -8.565156268889668745e-01
8.710000000000000853e+00 -5.214895106524544133e-01
8.720000000000000639e+00 -9.620735398120228155e-02
8.730000000000000426e+00 3.470966976782978719e-01
8.740000000000000213e+00 7.435430198647585698e-01
8.750000000000000000e+00 1.094340822388954582e+00
8.759999999999999787e+00 1.206960328020096451e+00
8.769999999999999574e+00 1.056042991879768689e+00
8.779999999999999361e+00 9.829204247465407329e-01
8.789999999999999147e+00 8.998377337155161193e-01
8.800000000000000711e+00 5.568208895738835373e-01
8.810000000000000497e+00 1.533061379046642969e-01
8.820000000000000284e+00 -2.166632115719477891e-01
8.830000000000000071e+00 -4.306685527750189202e-01
8.839999999999999858e+00 -5.170516589685290043e-01
8.849999999999999645e+00 -5.524762345980513967e-01
8.859999999999999432e+00 -6.215641003863159320e-01
8.869999999999999218e+00 -8.460755324235258445e-01
8.880000000000000782e+00 -1.061200343889968867e+00
8.890000000000000568e+00 -1.021035758666558824e+00
8.900000000000000355e+00 -8.295459541198313413e-01
8.910000000000000142e+00 -5.313497907406166121e-01
8.919999999999999929e+00 -1.064881694840571491e-01
8.929999999999999716e+00 1.645828612560120696e-01
8.939999999999999503e+00 4.697108553363089634e-01
8.949999999999999289e+00 6.396285461613955281e-01
8.960000000000000853e+00 5.928872716399775644e-01
8.970000000000000639e+00 5.622924608209896036e-01
8.980000000000000426e+00 4.446585541130592123e-01
8.990000000000000213e+00 3.641357194890091353e-01
9.000000000000000000e+00 3.024916919092457412e-01
9.009999999999999787e+00 2.919466188127550765e-02
9.019999999999999574e+00 -1.751030939386553076e-01
9.029999999999999361e+00 -3.537090351165916857e-02
9.039999999999999147e+00 5.314968075546411264e-02
9.050000000000000711e+00 -1.406784317691109898e-01
9.060000000000000497e+00 -3.532381936073816231e-01
9.070000000000000284e+00 -3.166736674936806439e-01
9.080000000000000071e+00 -3.440691701916673839e-01
9.089999999999999858e+00 -4.030504562940200319e-01
9.099999999999999645e+00 -3.505270464167592470e-01
9.109999999999999432e+00 -2.827442541998694825e-01
9.119999999999999218e+00 -2.908098591558482271e-01
9.130000000000000782e+00 -3.306878076134216471e-01
9.140000000000000568e+00 -2.709317174995176103e-01
9.150000000000000355e+00 -2.311405159420218958e-01
9.160000000000000142e+00 -1.344997858976637595e-01
9.169999999999999929e+00 1.966905566683957440e-01
9.179999999999999716e+00 5.310571799399332882e-01
9.189999999999999503e+00 7.083093645787355008e-01
9.199999999999999289e+00 7.590707627499333476e-01
9.210000000000000853e+00 6.418731490745697155e-01
9.220000000000000639e+00 6.784581418537136699e-01
9.230000000000000426e+00 8.030161730932299236e-01
9.240000000000000213e+00 7.237507919647789834e-01
9.250000000000000000e+00 4.980293605139252122e-01
9.259999999999999787e+00 1.029751934069853547e-01
9.269999999999999574e+00 -1.967113093414001312e-01
9.279999999999999361e+00 -2.010580818959972760e-01
9.289999999999999147e+00 -4.007627664184862937e-01
9.300000000000000711e+00 -6.492379942655439606e-01
9.310000000000000497e+00 -5.822043241808358971e-01
9.320000000000000284e+00 -5.060833902025834163e-01
9.330000000000000071e+00 -4.758316077216768747e-01
9.339999999999999858e+00 -2.748826490742501960e-01
9.349999999999999645e+00 -3.325615572157047950e-02
9.359999999999999432e+00 2.037112520781114711e-02
9.369999999999999218e+00 -2.108188474572836313e-02
9.380000000000000782e+00 -4.728254751267968459e-02
9.390000000000000568e+00 -6.026753756139413554e-02
9.400000000000000355e+00 -1.251793525227942183e-01
9.410000000000000142e+00 -1.773356007775284127e-02
9.419999999999999929e+00 6.822709496136525331e-02
9.429999999999999716e+00 -1.878171945159046174e-02
9.439999999999999503e+00 -1.543319302572268015e-01
9.449999999999999289e+00 -1.968863669856233400e-01
9.460000000000000853e+00 -9.046960641906842682e-02
9.470000000000000639e+00 -4.180173679845933243e-02
9.480000000000000426e+00 -3.948284753555952875e-02
9.490000000000000213e+00 -1.193477598648602367e-01
9.500000000000000000e+00 -1.999082700916243738e-01
9.509999999999999787e+00 -2.687686656088175141e-01
9.519999999999999574e+00 -3.290840256592417745e-01
9.529999999999999361e+00 -1.574828474538012557e-01
9.539999999999999147e+00 -1.601098705595660476e-02
9.550000000000000711e+00 -4.145764919371242030e-02
9.560000000000000497e+00 1.523403475621312175e-01
9.570000000000000284e+00 3.159205851630484396e-01
9.580000000000000071e+00 3.356812257460504156e-01
9.589999999999999858e+00 4.117563024082873113e-01
9.599999999999999645e+00 3.063495006602572346e-01
9.609999999999999432e+00 1.608475310257322377e-01
9.619999999999999218e+00 1.899742364503840264e-01
9.630000000000000782e+00 2.455756160642685870e-01
9.640000000000000568e+00 2.208481944652183060e-01
9.650000000000000355e+00 2.862156093137366852e-01
9.660000000000000142e+00 4.746033249595082992e-01
9.669999999999999929e+00 4.970279298837816384e-01
9.679999999999999716e+00 3.255804244836548733e-01
9.689999999999999503e+00 8.612170715764655426e-02
9.699999999999999289e+00 -5.619298490901414311e-02
9.710000000000000853e+00 -3.922216934832345459e-02
9.720000000000000639e+00 3.982027705797364092e-03
9.730000000000000426e+00 -9.146087289579263313e-02
9.740000000000000213e+00 -1.466589388188443976e-01
9.750000000000000000e+00 -2.287080667913428123e-01
9.759999999999999787e+00 -3.827706573370277532e-01
9.769999999999999574e+00 -6.067280628675228993e-01
9.779999999999999361e+00 -6.676536937176074105e-01
9.789999999999999147e+00 -4.811805133121032085e-01
9.800000000000000711e+00 -4.827232150675824229e-01
9.810000000000000497e+00 -5.271388813973123533e-01
9.820000000000000284e+00 -3.925357842357986016e-01
9.830000000000000071e+00 -3.070551233613194597e-01
9.839999999999999858e+00 -1.491705326780365937e-01
9.849999999999999645e+00 1.947188397496280032e-02
9.859999999999999432e+00 -1.925659479595998036e-02
9.869999999999999218e+00 -2.332725938962226797e-02
9.880000000000000782e+00 1.467357696406867973e-02
9.890000000000000568e+00 4.467556613714451785e-02
9.900000000000000355e+00 4.430749270839129395e-02
9.910000000000000142e+00 9.039589839697903528e-02
9.919999999999999929e+00 3.434085551964587424e-01
9.929999999999999716e+00 3.564210244887737744e-01
9.939999999999999503e+00 2.542443213029530469e-01
9.949999999999999289e+00 2.594472797284410603e-01
9.960000000000000853e+00 9.050036572241326738e-02
9.970000000000000639e+00 -2.294913131873033141e-02
9.980000000000000426e+00 -1.621862778192602050e-01
9.990000000000000213e+00 -4.081705888099174118e-02
1.000000000000000000e+01 1.231551841202125352e+00
